sample	protein	length	hits	self	close	distal	match
GUT_GENOME199396	GUT_GENOME199396_00001	313	91	14.6236	15.7591	25.0787	523846
GUT_GENOME199396	GUT_GENOME199396_00002	189	35	10.4876	10.2204	1.05785	523846
GUT_GENOME199396	GUT_GENOME199396_00003	285	40	14.1748	10.9622	0	0
GUT_GENOME199396	GUT_GENOME199396_00004	173	21	8.72174	4.13913	0	0
GUT_GENOME199396	GUT_GENOME199396_00005	164	17	10.379	0.550955	0.570064	523846
GUT_GENOME199396	GUT_GENOME199396_00006	304	46	13.1821	15.8699	0.528455	523846
GUT_GENOME199396	GUT_GENOME199396_00007	94	2	1.95556	0	0	0
GUT_GENOME199396	GUT_GENOME199396_00009	167	34	12.0969	10.3313	0.553125	523846
GUT_GENOME199396	GUT_GENOME199396_00010	91	1	1	0	0	0
GUT_GENOME199396	GUT_GENOME199396_00011	433	17	11.1273	0	0	0
GUT_GENOME199396	GUT_GENOME199396_00012	348	14	8.38806	0.477612	0	0
GUT_GENOME199396	GUT_GENOME199396_00013	320	27	10.6629	3.71429	0.443018	523846
GUT_GENOME199396	GUT_GENOME199396_00014	353	42	13.6268	14.344	0.61516	523846
GUT_GENOME199396	GUT_GENOME199396_00015	436	15	9.37838	0	0.497062	523846
GUT_GENOME199396	GUT_GENOME199396_00016	730	406	13.1683	16.0504	200.743	523846
GUT_GENOME199396	GUT_GENOME199396_00017	292	413	6.48307	1.02139	208.44	131567
GUT_GENOME199396	GUT_GENOME199396_00018	277	30	7.06897	9.33394	2.2559	570266
GUT_GENOME199396	GUT_GENOME199396_00019	424	465	14.7993	15.5697	227.572	131567
GUT_GENOME199396	GUT_GENOME199396_00020	551	41	13.2197	12.7803	0.584977	523846
GUT_GENOME199396	GUT_GENOME199396_00021	212	6	3.82045	0.573566	0	0
GUT_GENOME199396	GUT_GENOME199396_00022	131	6	4.8125	0	0	0
GUT_GENOME199396	GUT_GENOME199396_00023	454	64	13.3297	17.1079	12.2434	523846
GUT_GENOME199396	GUT_GENOME199396_00024	290	3	2.25207	0	0	0
GUT_GENOME199396	GUT_GENOME199396_00025	207	3	2.40732	0	0	0
GUT_GENOME199396	GUT_GENOME199396_00026	378	7	5.80418	0	0	0
GUT_GENOME199396	GUT_GENOME199396_00027	234	18	10.8112	0.502146	0.519313	523846
GUT_GENOME199396	GUT_GENOME199396_00028	366	47	12.2462	15.4205	3.11203	523846
GUT_GENOME199396	GUT_GENOME199396_00029	158	9	7.14337	0	0	0
GUT_GENOME199396	GUT_GENOME199396_00030	428	74	12.537	14.3513	13.6299	523846
GUT_GENOME199396	GUT_GENOME199396_00031	457	44	13.9433	14.7097	0.556174	523846
GUT_GENOME199396	GUT_GENOME199396_00032	412	64	15.3534	16.2697	11.2118	523846
GUT_GENOME199396	GUT_GENOME199396_00033	62	0	0	0	0	0
GUT_GENOME199396	GUT_GENOME199396_00034	232	36	12.173	12.2251	0	0
GUT_GENOME199396	GUT_GENOME199396_00035	1258	2	1.83445	0	0	0
GUT_GENOME199396	GUT_GENOME199396_00036	58	0	0	0	0	0
GUT_GENOME199396	GUT_GENOME199396_00037	91	0	0	0	0	0
GUT_GENOME199396	GUT_GENOME199396_00038	304	42	13.1804	14.0826	0.615514	523846
GUT_GENOME199396	GUT_GENOME199396_00039	300	36	13.5559	10.7395	0.576923	523846
GUT_GENOME199396	GUT_GENOME199396_00040	675	86	7.75181	1.7004	36.91	131567
GUT_GENOME199396	GUT_GENOME199396_00041	434	470	9.47547	10.3505	246.576	2
GUT_GENOME199396	GUT_GENOME199396_00042	345	85	9.06223	0	36.2836	186802
GUT_GENOME199396	GUT_GENOME199396_00043	224	352	8.93839	0	188.621	186802
GUT_GENOME199396	GUT_GENOME199396_00044	267	130	7.67913	0	56.1791	1239
GUT_GENOME199396	GUT_GENOME199396_00045	404	15	8.41554	1.06412	0	0
GUT_GENOME199396	GUT_GENOME199396_00046	68	0	0	0	0	0
GUT_GENOME199396	GUT_GENOME199396_00047	376	49	13.2184	5.24777	10.6922	224756
GUT_GENOME199396	GUT_GENOME199396_00048	66	0	0	0	0	0
GUT_GENOME199396	GUT_GENOME199396_00049	283	422	13.0839	17	228.666	131567
GUT_GENOME199396	GUT_GENOME199396_00050	101	2	1.78109	0	0	0
GUT_GENOME199396	GUT_GENOME199396_00052	877	5	3.98294	0	0	0
GUT_GENOME199396	GUT_GENOME199396_00053	162	2	1.45485	0	0	0
GUT_GENOME199396	GUT_GENOME199396_00054	270	2	1.59302	0	0	0
GUT_GENOME199396	GUT_GENOME199396_00055	201	6	4.13827	0	0.42963	1828736
GUT_GENOME199396	GUT_GENOME199396_00056	199	5	3.64976	0	0	0
GUT_GENOME199396	GUT_GENOME199396_00057	34	0	0	0	0	0
GUT_GENOME199396	GUT_GENOME199396_00058	338	5	3.21997	0	0	0
GUT_GENOME199396	GUT_GENOME199396_00059	1193	4	2.97884	0	0	0
GUT_GENOME199396	GUT_GENOME199396_00060	259	8	5.23355	0	0	0
GUT_GENOME199396	GUT_GENOME199396_00061	359	263	8.47178	6.39219	87.356	2
GUT_GENOME199396	GUT_GENOME199396_00062	137	9	6.95221	0	0	0
GUT_GENOME199396	GUT_GENOME199396_00063	346	4	3.32578	0	0	0
GUT_GENOME199396	GUT_GENOME199396_00064	533	4	3.14607	0	0	0
GUT_GENOME199396	GUT_GENOME199396_00065	502	4	3.08157	0	0	0
GUT_GENOME199396	GUT_GENOME199396_00066	348	4	3.06512	0	0	0
GUT_GENOME199396	GUT_GENOME199396_00067	344	6	4.09552	0	0	0
GUT_GENOME199396	GUT_GENOME199396_00068	261	12	5.98992	2.08669	0	0
GUT_GENOME199396	GUT_GENOME199396_00069	586	4	3.19481	0	0	0
GUT_GENOME199396	GUT_GENOME199396_00070	364	9	6.22299	0	0	0
GUT_GENOME199396	GUT_GENOME199396_00071	320	7	4.92593	0	0	0
GUT_GENOME199396	GUT_GENOME199396_00072	321	55	12.8868	7.92925	10.9214	1239
GUT_GENOME199396	GUT_GENOME199396_00073	285	36	11.3883	4.12028	5.32302	1239
GUT_GENOME199396	GUT_GENOME199396_00074	467	35	12.4408	5.75219	4.15899	1239
GUT_GENOME199396	GUT_GENOME199396_00075	793	10	6.22668	0	0	0
GUT_GENOME199396	GUT_GENOME199396_00076	311	451	16.6463	16.6347	230.312	523846
GUT_GENOME199396	GUT_GENOME199396_00077	301	9	6.49548	0	0	0
GUT_GENOME199396	GUT_GENOME199396_00078	662	289	15.6201	16.7872	122.86	523846
GUT_GENOME199396	GUT_GENOME199396_00079	422	135	13.9234	15.455	48.4818	2283794
GUT_GENOME199396	GUT_GENOME199396_00080	233	38	13.6307	10.9525	1.07343	523846
GUT_GENOME199396	GUT_GENOME199396_00081	279	36	13.0269	12.4865	0	0
GUT_GENOME199396	GUT_GENOME199396_00082	138	7	5.35409	0	0	0
GUT_GENOME199396	GUT_GENOME199396_00083	208	35	12.5165	7.91981	0.459906	523846
GUT_GENOME199396	GUT_GENOME199396_00084	254	49	13.5911	11.6579	5.25506	2283794
GUT_GENOME199396	GUT_GENOME199396_00085	301	51	13	15.8814	4.1134	523846
GUT_GENOME199396	GUT_GENOME199396_00086	254	54	13.2292	12.2154	10.67	2283794
GUT_GENOME199396	GUT_GENOME199396_00087	236	20	11.757	1.0086	0	0
GUT_GENOME199396	GUT_GENOME199396_00088	531	156	12.9837	16.4799	61.7107	523846
GUT_GENOME199396	GUT_GENOME199396_00089	104	2	1.78873	0	0	0
GUT_GENOME199396	GUT_GENOME199396_00090	160	38	11.9444	13.3399	0.591503	523846
GUT_GENOME199396	GUT_GENOME199396_00091	208	24	10.605	4.2275	0	0
GUT_GENOME199396	GUT_GENOME199396_00092	399	28	12.3122	4.49339	0.47619	523846
GUT_GENOME199396	GUT_GENOME199396_00093	374	93	12.2081	11.8087	25.4693	523846
GUT_GENOME199396	GUT_GENOME199396_00094	318	400	10.8126	1.48189	193.817	1783272
GUT_GENOME199396	GUT_GENOME199396_00095	356	11	6.34181	0.526836	0	0
GUT_GENOME199396	GUT_GENOME199396_00096	278	33	13.27	8.28746	0	0
GUT_GENOME199396	GUT_GENOME199396_00097	338	437	15.7458	16.4003	214.409	523846
GUT_GENOME199396	GUT_GENOME199396_00098	70	0	0	0	0	0
GUT_GENOME199396	GUT_GENOME199396_00099	608	25	5.75329	0.489025	7.55399	186802
GUT_GENOME199396	GUT_GENOME199396_00100	86	2	1.96532	0	0	0
GUT_GENOME199396	GUT_GENOME199396_00101	144	0	0	0	0	0
GUT_GENOME199396	GUT_GENOME199396_00102	620	3	2.09579	0	0	0
GUT_GENOME199396	GUT_GENOME199396_00103	366	41	14.0775	16.574	2.29876	523846
GUT_GENOME199396	GUT_GENOME199396_00104	566	40	14.3036	15.7746	0.657774	523846
GUT_GENOME199396	GUT_GENOME199396_00105	179	20	11.4162	1.98844	0	0
GUT_GENOME199396	GUT_GENOME199396_00106	181	314	13.2529	12.5378	147.831	523846
GUT_GENOME199396	GUT_GENOME199396_00107	529	24	11.2343	3.59414	0	0
GUT_GENOME199396	GUT_GENOME199396_00108	49	0	0	0	0	0
GUT_GENOME199396	GUT_GENOME199396_00109	716	44	12.1546	16.6831	0.560585	523846
GUT_GENOME199396	GUT_GENOME199396_00110	922	11	7.21508	0	0	0
GUT_GENOME199396	GUT_GENOME199396_00111	364	193	14.993	17.8129	84.1153	28890
GUT_GENOME199396	GUT_GENOME199396_00112	181	9	5.98023	0	0	0
GUT_GENOME199396	GUT_GENOME199396_00113	136	6	3.98502	0	0.662921	1294025
GUT_GENOME199396	GUT_GENOME199396_00114	121	11	8.7561	0	0	0
GUT_GENOME199396	GUT_GENOME199396_00115	85	0	0	0	0	0
GUT_GENOME199396	GUT_GENOME199396_00116	145	162	10.8328	12.9532	78.6288	28890
GUT_GENOME199396	GUT_GENOME199396_00117	118	1	1	0	0	0
GUT_GENOME199396	GUT_GENOME199396_00118	194	50	12.7378	13.1105	5.42416	2283794
GUT_GENOME199396	GUT_GENOME199396_00119	51	0	0	0	0	0
GUT_GENOME199396	GUT_GENOME199396_00120	81	0	0	0	0	0
GUT_GENOME199396	GUT_GENOME199396_00121	223	10	7.82114	0	0	0
GUT_GENOME199396	GUT_GENOME199396_00122	74	0	0	0	0	0
GUT_GENOME199396	GUT_GENOME199396_00123	146	4	3.36502	0	0	0
GUT_GENOME199396	GUT_GENOME199396_00124	470	202	12.3338	13.4644	63.9472	2283794
GUT_GENOME199396	GUT_GENOME199396_00125	361	12	5.28711	2.13725	0	0
GUT_GENOME199396	GUT_GENOME199396_00126	485	14	6.81263	2.22698	0	0
GUT_GENOME199396	GUT_GENOME199396_00127	125	2	1.948	0	0	0
GUT_GENOME199396	GUT_GENOME199396_00128	142	1	1	0	0	0
GUT_GENOME199396	GUT_GENOME199396_00129	144	1	0.918149	0	0	0
GUT_GENOME199396	GUT_GENOME199396_00130	1257	4	3.32083	0	0	0
GUT_GENOME199396	GUT_GENOME199396_00131	280	111	11.2066	7.58854	39.0556	131567
GUT_GENOME199396	GUT_GENOME199396_00132	412	397	13.7083	1.28331	217.394	1239
GUT_GENOME199396	GUT_GENOME199396_00133	391	64	2.68873	0	31.4081	171549
GUT_GENOME199396	GUT_GENOME199396_00134	402	42	4.40909	0	18.4521	171549
GUT_GENOME199396	GUT_GENOME199396_00135	415	375	14.9473	19.6765	181.114	523846
GUT_GENOME199396	GUT_GENOME199396_00136	160	444	14.5759	10.8978	223.619	523846
GUT_GENOME199396	GUT_GENOME199396_00137	336	167	13.772	16.1171	58.9784	28890
GUT_GENOME199396	GUT_GENOME199396_00138	777	3	1.92571	0	0	0
GUT_GENOME199396	GUT_GENOME199396_00139	30	0	0	0	0	0
GUT_GENOME199396	GUT_GENOME199396_00140	138	118	13.0481	13.8778	53.9963	28890
GUT_GENOME199396	GUT_GENOME199396_00141	312	42	13.7888	12.4208	2.816	523846
GUT_GENOME199396	GUT_GENOME199396_00142	568	29	11.0694	4.97686	0	0
GUT_GENOME199396	GUT_GENOME199396_00143	171	18	12.5828	0	0.508876	1564487
GUT_GENOME199396	GUT_GENOME199396_00144	357	32	12.9681	7.32133	0	0
GUT_GENOME199396	GUT_GENOME199396_00145	197	29	11.9416	6.52538	0	0
GUT_GENOME199396	GUT_GENOME199396_00146	173	27	9.56695	7.05413	0	0
GUT_GENOME199396	GUT_GENOME199396_00147	232	19	9.3151	2.54486	0.507659	523846
GUT_GENOME199396	GUT_GENOME199396_00148	312	34	11.125	9.01013	0.518581	523846
GUT_GENOME199396	GUT_GENOME199396_00149	272	15	10.4451	0	0	0
GUT_GENOME199396	GUT_GENOME199396_00150	268	39	12.9405	9.63941	0.912639	131567
GUT_GENOME199396	GUT_GENOME199396_00151	223	4	2.81183	0	0	0
GUT_GENOME199396	GUT_GENOME199396_00152	189	3	2.41226	0	0	0
GUT_GENOME199396	GUT_GENOME199396_00153	168	43	14.1969	15.64	0.624615	523846
GUT_GENOME199396	GUT_GENOME199396_00154	204	30	11.7435	6.30311	0	0
GUT_GENOME199396	GUT_GENOME199396_00155	213	154	13.0633	13.0657	56.1509	28890
GUT_GENOME199396	GUT_GENOME199396_00156	387	17	9.87037	1.07407	0	0
GUT_GENOME199396	GUT_GENOME199396_00157	185	4	3.16491	0	0	0
GUT_GENOME199396	GUT_GENOME199396_00158	303	55	12.9032	16.7267	6.40747	2283794
GUT_GENOME199396	GUT_GENOME199396_00159	268	37	12.4286	9.92491	0.547619	523846
GUT_GENOME199396	GUT_GENOME199396_00160	348	8	5.45648	0	0	0
GUT_GENOME199396	GUT_GENOME199396_00161	595	42	12.3104	12.7693	0.541137	523846
GUT_GENOME199396	GUT_GENOME199396_00162	342	53	11.3423	14.6158	6.62481	523846
GUT_GENOME199396	GUT_GENOME199396_00163	339	73	14.4249	17.1652	12.7718	523846
GUT_GENOME199396	GUT_GENOME199396_00164	125	2	1.9359	0	0	0
GUT_GENOME199396	GUT_GENOME199396_00165	165	55	12.4708	13.6369	10.3569	28890
GUT_GENOME199396	GUT_GENOME199396_00166	83	0	0	0	0	0
GUT_GENOME199396	GUT_GENOME199396_00167	89	0	0	0	0	0
GUT_GENOME199396	GUT_GENOME199396_00168	86	0	0	0	0	0
GUT_GENOME199396	GUT_GENOME199396_00169	197	37	11.6881	10.0077	1.34021	196117
GUT_GENOME199396	GUT_GENOME199396_00170	231	32	12.2056	9.18458	0	0
GUT_GENOME199396	GUT_GENOME199396_00171	223	50	12.473	11.0343	8.96078	28890
GUT_GENOME199396	GUT_GENOME199396_00172	71	0	0	0	0	0
GUT_GENOME199396	GUT_GENOME199396_00173	286	54	14.7835	13.3339	8.85321	2182
GUT_GENOME199396	GUT_GENOME199396_00174	84	0	0	0	0	0
GUT_GENOME199396	GUT_GENOME199396_00175	99	2	1.93122	0	0	0
GUT_GENOME199396	GUT_GENOME199396_00176	130	2	1.89961	0	0	0
GUT_GENOME199396	GUT_GENOME199396_00177	149	90	14.0806	14.6613	34.5548	28890
GUT_GENOME199396	GUT_GENOME199396_00178	374	51	12.943	11.7785	8.7122	28890
GUT_GENOME199396	GUT_GENOME199396_00179	347	37	11.9353	8.96043	0	0
GUT_GENOME199396	GUT_GENOME199396_00180	456	9	5.40595	0.374831	0	0
GUT_GENOME199396	GUT_GENOME199396_00181	348	7	5.6345	0	0	0
GUT_GENOME199396	GUT_GENOME199396_00182	296	45	13.0972	14.1089	1.57119	523846
GUT_GENOME199396	GUT_GENOME199396_00183	319	20	11.7594	0.464063	0.420312	523846
GUT_GENOME199396	GUT_GENOME199396_00184	274	9	6.24211	0	0	0
GUT_GENOME199396	GUT_GENOME199396_00185	211	32	10.5746	10.5844	0	0
GUT_GENOME199396	GUT_GENOME199396_00186	204	71	10.8771	3.086	27.1523	131567
GUT_GENOME199396	GUT_GENOME199396_00187	310	243	10.6371	3.13548	108.742	131567
GUT_GENOME199396	GUT_GENOME199396_00188	282	442	10.977	3.54184	246.038	2206
GUT_GENOME199396	GUT_GENOME199396_00189	300	450	12.2031	4.21843	249.321	2206
GUT_GENOME199396	GUT_GENOME199396_00190	772	42	13.8303	13.4895	0.558724	523846
GUT_GENOME199396	GUT_GENOME199396_00191	106	2	2	0	0	0
GUT_GENOME199396	GUT_GENOME199396_00192	222	10	4.55163	2.28533	0	0
GUT_GENOME199396	GUT_GENOME199396_00193	169	308	3.90909	0.553977	158.386	131567
GUT_GENOME199396	GUT_GENOME199396_00194	248	14	8.94567	0	0	0
GUT_GENOME199396	GUT_GENOME199396_00195	621	39	12.5882	9.78734	1.44219	523846
GUT_GENOME199396	GUT_GENOME199396_00196	132	27	11.1245	7.8022	0	0
GUT_GENOME199396	GUT_GENOME199396_00197	431	37	13.5024	10.0284	0.515403	523846
GUT_GENOME199396	GUT_GENOME199396_00198	281	54	10.7712	10.0252	8.92973	523846
GUT_GENOME199396	GUT_GENOME199396_00199	227	10	6.83669	0	0	0
GUT_GENOME199396	GUT_GENOME199396_00200	492	36	11.7692	11.0858	0	0
GUT_GENOME199396	GUT_GENOME199396_00201	315	317	13.6236	16.4801	144.375	523846
GUT_GENOME199396	GUT_GENOME199396_00202	125	1	0.795556	0	0	0
GUT_GENOME199396	GUT_GENOME199396_00203	319	33	10.9674	8.45188	0.51876	523846
GUT_GENOME199396	GUT_GENOME199396_00204	241	34	14.2301	9.72385	0	0
GUT_GENOME199396	GUT_GENOME199396_00205	951	44	13.6391	16.6653	0.593429	523846
GUT_GENOME199396	GUT_GENOME199396_00206	266	33	9.92925	0.460803	7.81453	28890
GUT_GENOME199396	GUT_GENOME199396_00207	335	48	14.0659	12.1601	4.27786	523846
GUT_GENOME199396	GUT_GENOME199396_00208	72	0	0	0	0	0
GUT_GENOME199396	GUT_GENOME199396_00209	1055	2	1.86307	0	0	0
GUT_GENOME199396	GUT_GENOME199396_00210	149	18	12.727	1.26962	0	0
GUT_GENOME199396	GUT_GENOME199396_00211	330	443	12.5587	15.0501	221.369	2283794
GUT_GENOME199396	GUT_GENOME199396_00212	334	46	13.2855	14.7963	2.05556	523846
GUT_GENOME199396	GUT_GENOME199396_00213	65	0	0	0	0	0
GUT_GENOME199396	GUT_GENOME199396_00214	47	0	0	0	0	0
GUT_GENOME199396	GUT_GENOME199396_00215	258	35	10.6449	11.1228	0.600768	523846
GUT_GENOME199396	GUT_GENOME199396_00216	302	7	4.53451	0	0	0
GUT_GENOME199396	GUT_GENOME199396_00217	365	8	5.74277	0	0	0
GUT_GENOME199396	GUT_GENOME199396_00218	451	53	12.6005	14.4688	6.01589	523846
GUT_GENOME199396	GUT_GENOME199396_00219	608	90	14.352	13.7138	26.4	2283794
GUT_GENOME199396	GUT_GENOME199396_00220	408	140	13.9062	17.6907	52.9594	523846
GUT_GENOME199396	GUT_GENOME199396_00221	92	3	2.78431	0	0	0
GUT_GENOME199396	GUT_GENOME199396_00222	261	2	1.92473	0	0	0
GUT_GENOME199396	GUT_GENOME199396_00223	514	9	6.02976	0	0	0
GUT_GENOME199396	GUT_GENOME199396_00224	195	45	11.6078	11.1789	4.64216	28890
GUT_GENOME199396	GUT_GENOME199396_00225	518	30	13.7417	5.03734	0	0
GUT_GENOME199396	GUT_GENOME199396_00226	63	0	0	0	0	0
GUT_GENOME199396	GUT_GENOME199396_00227	213	9	6.21354	0.518229	0	0
GUT_GENOME199396	GUT_GENOME199396_00228	99	4	3.7234	0	0	0
GUT_GENOME199396	GUT_GENOME199396_00229	262	38	12.5549	4.98603	6.04591	224756
GUT_GENOME199396	GUT_GENOME199396_00230	685	102	13.9749	5.69148	39.2742	28890
GUT_GENOME199396	GUT_GENOME199396_00231	401	32	12.7354	6.38856	2.00238	523846
GUT_GENOME199396	GUT_GENOME199396_00232	309	39	13.3855	11.1694	1.50323	523846
GUT_GENOME199396	GUT_GENOME199396_00233	349	16	8.3979	0	0	0
GUT_GENOME199396	GUT_GENOME199396_00234	149	11	8.66929	0	0	0
GUT_GENOME199396	GUT_GENOME199396_00235	365	11	7.05523	0	0	0
GUT_GENOME199396	GUT_GENOME199396_00236	76	0	0	0	0	0
GUT_GENOME199396	GUT_GENOME199396_00237	189	20	9.78765	4.22963	0	0
GUT_GENOME199396	GUT_GENOME199396_00238	458	32	13.5101	9.06057	1.41233	196118
GUT_GENOME199396	GUT_GENOME199396_00239	569	64	14.7217	12.7617	13.154	2283794
GUT_GENOME199396	GUT_GENOME199396_00240	288	18	9.55372	2.8292	0	0
GUT_GENOME199396	GUT_GENOME199396_00241	101	2	1.85567	0	0	0
GUT_GENOME199396	GUT_GENOME199396_00242	106	1	1	0	0	0
GUT_GENOME199396	GUT_GENOME199396_00243	104	0	0	0	0	0
GUT_GENOME199396	GUT_GENOME199396_00244	667	24	11.0702	4.25359	0	0
GUT_GENOME199396	GUT_GENOME199396_00245	161	33	12.8	14.9057	0	0
GUT_GENOME199396	GUT_GENOME199396_00246	208	12	6.38753	1.03794	0	0
GUT_GENOME199396	GUT_GENOME199396_00247	384	34	11.9177	10.5364	0	0
GUT_GENOME199396	GUT_GENOME199396_00248	105	5	4.58673	0	0	0
GUT_GENOME199396	GUT_GENOME199396_00249	584	445	12.979	20.2283	256.089	131567
GUT_GENOME199396	GUT_GENOME199396_00250	462	456	13.6007	13.677	293.882	28890
GUT_GENOME199396	GUT_GENOME199396_00251	231	96	12.5601	13.8245	27.7692	523846
GUT_GENOME199396	GUT_GENOME199396_00252	50	0	0	0	0	0
GUT_GENOME199396	GUT_GENOME199396_00253	391	7	5.28307	0	0	0
GUT_GENOME199396	GUT_GENOME199396_00255	129	4	3.14545	0	0	0
GUT_GENOME199396	GUT_GENOME199396_00256	201	33	9.84615	9.49487	1.01282	2283794
GUT_GENOME199396	GUT_GENOME199396_00257	302	28	6.82676	7.58662	0	0
GUT_GENOME199396	GUT_GENOME199396_00258	419	198	13.0123	13.8719	70.4809	523846
GUT_GENOME199396	GUT_GENOME199396_00259	302	38	12.9895	11.8439	0	0
GUT_GENOME199396	GUT_GENOME199396_00260	89	1	0.981928	0	0	0
GUT_GENOME199396	GUT_GENOME199396_00261	406	36	9.83739	7.52625	3.79641	28890
GUT_GENOME199396	GUT_GENOME199396_00262	34	0	0	0	0	0
GUT_GENOME199396	GUT_GENOME199396_00263	200	19	9.11911	3.16625	0	0
GUT_GENOME199396	GUT_GENOME199396_00264	236	296	9.46895	1.25054	152.869	186802
GUT_GENOME199396	GUT_GENOME199396_00265	339	221	8.9675	1.12703	110.561	1239
GUT_GENOME199396	GUT_GENOME199396_00266	33	0	0	0	0	0
GUT_GENOME199396	GUT_GENOME199396_00267	292	384	13.1693	16.644	186.862	523846
GUT_GENOME199396	GUT_GENOME199396_00268	492	56	10.2299	2.60456	21.0347	2192
GUT_GENOME199396	GUT_GENOME199396_00269	333	74	12.8865	15.0782	15.5169	28890
GUT_GENOME199396	GUT_GENOME199396_00270	154	2	1.90496	0	0	0
GUT_GENOME199396	GUT_GENOME199396_00271	195	39	11.3708	13.5614	0.582245	523846
GUT_GENOME199396	GUT_GENOME199396_00272	305	32	11.0634	12.6715	0.718699	523846
GUT_GENOME199396	GUT_GENOME199396_00273	224	2	1.97156	0	0	0
GUT_GENOME199396	GUT_GENOME199396_00274	498	99	13.1437	17.0972	24.2854	523846
GUT_GENOME199396	GUT_GENOME199396_00275	183	10	6.50136	0	0	0
GUT_GENOME199396	GUT_GENOME199396_00276	75	0	0	0	0	0
GUT_GENOME199396	GUT_GENOME199396_00277	239	13	7.42589	1.13361	0	0
GUT_GENOME199396	GUT_GENOME199396_00278	264	12	8.148	0	0	0
GUT_GENOME199396	GUT_GENOME199396_00279	456	64	12.8754	18.3543	11.44	523846
GUT_GENOME199396	GUT_GENOME199396_00280	506	24	10.5194	3.62347	0.485714	523846
GUT_GENOME199396	GUT_GENOME199396_00281	141	5	4.20213	0	0	0
GUT_GENOME199396	GUT_GENOME199396_00282	226	48	8.82237	9.875	10.8904	2283794
GUT_GENOME199396	GUT_GENOME199396_00283	124	15	11.5469	0	0	0
GUT_GENOME199396	GUT_GENOME199396_00284	549	72	12.1908	17.0029	13.9761	523846
GUT_GENOME199396	GUT_GENOME199396_00285	435	58	11.7054	13.743	7.7993	523846
GUT_GENOME199396	GUT_GENOME199396_00286	69	0	0	0	0	0
GUT_GENOME199396	GUT_GENOME199396_00287	286	57	12.4847	14.124	10.0363	2283794
GUT_GENOME199396	GUT_GENOME199396_00288	163	2	1.99361	0	0	0
GUT_GENOME199396	GUT_GENOME199396_00289	316	373	11.7749	13.6592	165.625	28890
GUT_GENOME199396	GUT_GENOME199396_00290	383	39	14.8507	15.0787	0.736	523846
GUT_GENOME199396	GUT_GENOME199396_00291	128	2	1.91304	0	0	0
GUT_GENOME199396	GUT_GENOME199396_00292	125	18	14.3431	0	0	0
GUT_GENOME199396	GUT_GENOME199396_00293	141	3	2.56343	0	0	0
GUT_GENOME199396	GUT_GENOME199396_00294	161	2	1.90909	0	0	0
GUT_GENOME199396	GUT_GENOME199396_00295	339	192	13.8765	13.0183	88.6753	523846
GUT_GENOME199396	GUT_GENOME199396_00296	134	6	4.68061	0	0	0
GUT_GENOME199396	GUT_GENOME199396_00297	213	6	4.73016	0	0	0
GUT_GENOME199396	GUT_GENOME199396_00298	161	2	1.72671	0	0	0
GUT_GENOME199396	GUT_GENOME199396_00299	227	32	11.9979	8.27505	0	0
GUT_GENOME199396	GUT_GENOME199396_00300	292	2	1.86106	0	0	0
GUT_GENOME199396	GUT_GENOME199396_00301	152	2	1.88308	0	0	0
GUT_GENOME199396	GUT_GENOME199396_00302	429	471	11.4029	9.01809	240.642	131567
GUT_GENOME199396	GUT_GENOME199396_00303	267	24	11.6094	4.14844	0	0
GUT_GENOME199396	GUT_GENOME199396_00304	473	30	11.6667	5.6183	0.478444	523846
GUT_GENOME199396	GUT_GENOME199396_00305	89	1	1	0	0	0
GUT_GENOME199396	GUT_GENOME199396_00306	364	353	5.23467	0	175.387	1239
GUT_GENOME199396	GUT_GENOME199396_00307	367	6	5.08655	0	0	0
GUT_GENOME199396	GUT_GENOME199396_00308	257	18	10.7734	0.480469	0	0
GUT_GENOME199396	GUT_GENOME199396_00309	208	13	8.05276	0	0	0
GUT_GENOME199396	GUT_GENOME199396_00310	565	28	10.8088	5.29892	0	0
GUT_GENOME199396	GUT_GENOME199396_00311	407	303	13.2697	14.7494	142.393	28890
GUT_GENOME199396	GUT_GENOME199396_00312	291	22	10.6065	2.81601	0	0
GUT_GENOME199396	GUT_GENOME199396_00313	129	35	13.2948	14.992	0.733068	523846
GUT_GENOME199396	GUT_GENOME199396_00314	153	18	12.9965	0	0	0
GUT_GENOME199396	GUT_GENOME199396_00315	612	17	9.60354	0.976431	0	0
GUT_GENOME199396	GUT_GENOME199396_00316	471	8	5.62013	0	0	0
GUT_GENOME199396	GUT_GENOME199396_00317	289	42	11.5294	14.4046	0.54902	523846
GUT_GENOME199396	GUT_GENOME199396_00318	318	44	12.5609	18.391	1.72756	523846
GUT_GENOME199396	GUT_GENOME199396_00319	201	39	12.4322	13.8619	0.529412	523846
GUT_GENOME199396	GUT_GENOME199396_00320	755	3	2.22329	0	0	0
GUT_GENOME199396	GUT_GENOME199396_00321	212	16	9.88916	0	0	0
GUT_GENOME199396	GUT_GENOME199396_00322	399	38	10.9447	11.3526	0	0
GUT_GENOME199396	GUT_GENOME199396_00323	217	26	11.3756	3.85885	0	0
GUT_GENOME199396	GUT_GENOME199396_00324	336	7	4.70437	0	0	0
GUT_GENOME199396	GUT_GENOME199396_00325	154	7	5.21212	0	0	0
GUT_GENOME199396	GUT_GENOME199396_00326	279	37	13.6836	11.4859	0	0
GUT_GENOME199396	GUT_GENOME199396_00327	141	9	7.02214	0	0	0
GUT_GENOME199396	GUT_GENOME199396_00328	385	17	11.2115	0	0	0
GUT_GENOME199396	GUT_GENOME199396_00329	252	8	5.09221	0	0	0
GUT_GENOME199396	GUT_GENOME199396_00330	1058	492	15.4869	18.138	250.189	523846
GUT_GENOME199396	GUT_GENOME199396_00331	360	64	13.0893	13.728	14.0302	28890
GUT_GENOME199396	GUT_GENOME199396_00332	220	3	1.92394	0	0.391499	1121420
GUT_GENOME199396	GUT_GENOME199396_00333	269	35	11.7018	1.52286	6.50298	2259
GUT_GENOME199396	GUT_GENOME199396_00334	203	3	2.74093	0	0	0
GUT_GENOME199396	GUT_GENOME199396_00335	772	43	15.9302	14.73	2.5491	523846
GUT_GENOME199396	GUT_GENOME199396_00336	1097	43	14.2739	14.7543	1.50949	2182
GUT_GENOME199396	GUT_GENOME199396_00337	293	2	1.48479	0	0	0
GUT_GENOME199396	GUT_GENOME199396_00338	158	168	12.6855	7.73899	74.283	131567
GUT_GENOME199396	GUT_GENOME199396_00339	527	41	15.1318	15.1714	0.645161	523846
GUT_GENOME199396	GUT_GENOME199396_00340	432	383	14.8237	17.1893	185.058	523846
GUT_GENOME199396	GUT_GENOME199396_00341	304	38	12.7625	10.6977	0.495017	523846
GUT_GENOME199396	GUT_GENOME199396_00342	289	15	9.7758	0	0	0
GUT_GENOME199396	GUT_GENOME199396_00343	116	1	0	0	1	2951140
GUT_GENOME199396	GUT_GENOME199396_00344	424	1	0	0	1	2951140
GUT_GENOME199396	GUT_GENOME199396_00345	264	1	0	0	0.998004	2951140
GUT_GENOME199396	GUT_GENOME199396_00346	241	1	0	0	1	2951140
GUT_GENOME199396	GUT_GENOME199396_00347	113	1	0	0	1	2951140
GUT_GENOME199396	GUT_GENOME199396_00348	69	0	0	0	0	0
GUT_GENOME199396	GUT_GENOME199396_00349	62	0	0	0	0	0
GUT_GENOME199396	GUT_GENOME199396_00350	62	0	0	0	0	0
GUT_GENOME199396	GUT_GENOME199396_00351	41	0	0	0	0	0
GUT_GENOME199396	GUT_GENOME199396_00352	95	1	0	0	1	2951140
GUT_GENOME199396	GUT_GENOME199396_00353	692	1	0	0	0.934661	2951140
GUT_GENOME199396	GUT_GENOME199396_00354	165	1	0	0	0.9653	2951140
GUT_GENOME199396	GUT_GENOME199396_00355	609	1	0	0	0.990984	2951140
GUT_GENOME199396	GUT_GENOME199396_00356	223	1	0	0	1	2951140
GUT_GENOME199396	GUT_GENOME199396_00357	302	1	0	0	1	2951140
GUT_GENOME199396	GUT_GENOME199396_00358	70	0	0	0	0	0
GUT_GENOME199396	GUT_GENOME199396_00359	88	1	0	0	0.993939	2951140
GUT_GENOME199396	GUT_GENOME199396_00360	63	0	0	0	0	0
GUT_GENOME199396	GUT_GENOME199396_00361	428	1	0.815077	0	0	0
GUT_GENOME199396	GUT_GENOME199396_00362	157	0	0	0	0	0
GUT_GENOME199396	GUT_GENOME199396_00363	84	0	0	0	0	0
GUT_GENOME199396	GUT_GENOME199396_00364	208	454	9.39423	0	276.26	1239
GUT_GENOME199396	GUT_GENOME199396_00365	448	124	5.61029	0	53.1078	1798184
GUT_GENOME199396	GUT_GENOME199396_00366	273	6	4.43363	0	0	0
GUT_GENOME199396	GUT_GENOME199396_00367	301	41	11.7156	11.3864	0	0
GUT_GENOME199396	GUT_GENOME199396_00368	493	37	10.5825	11.5128	0.541257	523846
GUT_GENOME199396	GUT_GENOME199396_00369	632	47	12.9605	14.3652	1.40632	2498709
GUT_GENOME199396	GUT_GENOME199396_00370	194	36	11.9354	10.3075	0	0
GUT_GENOME199396	GUT_GENOME199396_00371	92	2	1.98907	0	0	0
GUT_GENOME199396	GUT_GENOME199396_00372	107	2	1.97685	0	0	0
GUT_GENOME199396	GUT_GENOME199396_00373	143	16	11.6974	0	0	0
GUT_GENOME199396	GUT_GENOME199396_00374	433	439	13.6413	17.2497	221.308	131567
GUT_GENOME199396	GUT_GENOME199396_00375	120	0	0	0	0	0
GUT_GENOME199396	GUT_GENOME199396_00377	107	2	1.8972	0	0	0
GUT_GENOME199396	GUT_GENOME199396_00378	189	80	9.01323	11.2407	28.5529	131567
GUT_GENOME199396	GUT_GENOME199396_00379	252	101	11.6745	12.7706	30.2059	131567
GUT_GENOME199396	GUT_GENOME199396_00380	482	412	14.2829	16.8215	199.487	28890
GUT_GENOME199396	GUT_GENOME199396_00381	106	2	1.98352	0	0	0
GUT_GENOME199396	GUT_GENOME199396_00382	140	8	5.91336	0	0	0
GUT_GENOME199396	GUT_GENOME199396_00383	59	0	0	0	0	0
GUT_GENOME199396	GUT_GENOME199396_00384	87	2	1.92896	0	0	0
GUT_GENOME199396	GUT_GENOME199396_00385	372	42	12.1962	16.2875	0	0
GUT_GENOME199396	GUT_GENOME199396_00386	239	35	12.05	8.24167	0.489583	523846
GUT_GENOME199396	GUT_GENOME199396_00387	189	3	2.94253	0	0	0
GUT_GENOME199396	GUT_GENOME199396_00388	217	5	3.08772	0	0	0
GUT_GENOME199396	GUT_GENOME199396_00389	224	10	3.10926	0	2.73159	186802
GUT_GENOME199396	GUT_GENOME199396_00390	380	60	12.8889	17.155	10.4486	2283794
GUT_GENOME199396	GUT_GENOME199396_00391	252	2	1.80941	0	0	0
GUT_GENOME199396	GUT_GENOME199396_00392	55	0	0	0	0	0
GUT_GENOME199396	GUT_GENOME199396_00393	306	17	10.2155	0.550505	0	0
GUT_GENOME199396	GUT_GENOME199396_00394	306	39	11.4896	10.2279	0.486356	523846
GUT_GENOME199396	GUT_GENOME199396_00395	364	363	11.7657	14.106	155.809	523846
GUT_GENOME199396	GUT_GENOME199396_00396	236	55	6.3627	7.50205	15.0512	131567
GUT_GENOME199396	GUT_GENOME199396_00397	333	459	13.338	13.9411	220.44	131567
GUT_GENOME199396	GUT_GENOME199396_00398	294	31	11.7601	6.77233	0.478109	523846
GUT_GENOME199396	GUT_GENOME199396_00399	514	44	13.5161	15.2111	0.587488	523846
GUT_GENOME199396	GUT_GENOME199396_00400	257	87	10.294	8.54869	29.3839	131567
GUT_GENOME199396	GUT_GENOME199396_00401	232	41	12.7401	10.5573	3.25771	523846
GUT_GENOME199396	GUT_GENOME199396_00402	227	56	12.6059	11.5308	8.44875	523846
GUT_GENOME199396	GUT_GENOME199396_00403	115	3	2.79424	0	0	0
GUT_GENOME199396	GUT_GENOME199396_00404	312	16	1.9341	8.20428	0	0
GUT_GENOME199396	GUT_GENOME199396_00405	144	2	1.67293	0	0	0
GUT_GENOME199396	GUT_GENOME199396_00406	248	2	1.88717	0	0	0
GUT_GENOME199396	GUT_GENOME199396_00407	242	2	1.85488	0	0	0
GUT_GENOME199396	GUT_GENOME199396_00408	67	0	0	0	0	0
GUT_GENOME199396	GUT_GENOME199396_00409	450	129	15.1416	13.3012	49.2695	2283794
GUT_GENOME199396	GUT_GENOME199396_00410	283	2	1.92245	0	0	0
GUT_GENOME199396	GUT_GENOME199396_00411	815	31	12.4653	5.69151	1.00259	131567
GUT_GENOME199396	GUT_GENOME199396_00412	407	18	10.304	0.935287	0	0
GUT_GENOME199396	GUT_GENOME199396_00413	129	18	13.3686	1.32157	0	0
GUT_GENOME199396	GUT_GENOME199396_00414	420	42	14.3937	13.6341	0.571256	523846
GUT_GENOME199396	GUT_GENOME199396_00416	143	2	1.90775	0	0	0
GUT_GENOME199396	GUT_GENOME199396_00417	454	92	12.8756	14.431	25.7613	2283794
GUT_GENOME199396	GUT_GENOME199396_00418	147	45	15.8687	17.9057	0.683502	523846
GUT_GENOME199396	GUT_GENOME199396_00419	255	11	6.36452	0.925926	0	0
GUT_GENOME199396	GUT_GENOME199396_00420	138	7	5.47018	0	0	0
GUT_GENOME199396	GUT_GENOME199396_00421	367	17	11.0369	0.493169	0	0
GUT_GENOME199396	GUT_GENOME199396_00422	360	40	13.3624	9.77916	0.471229	523846
GUT_GENOME199396	GUT_GENOME199396_00423	478	17	9.70644	0.963041	0	0
GUT_GENOME199396	GUT_GENOME199396_00424	146	20	9.50566	5.16226	0	0
GUT_GENOME199396	GUT_GENOME199396_00425	407	41	13.651	13.0013	0.603822	523846
GUT_GENOME199396	GUT_GENOME199396_00426	144	11	8.22581	0	0	0
GUT_GENOME199396	GUT_GENOME199396_00427	160	10	6.69935	0	0	0
GUT_GENOME199396	GUT_GENOME199396_00428	417	464	14.7799	15.3067	227.182	523846
GUT_GENOME199396	GUT_GENOME199396_00429	349	3	1.64945	0	0	0
GUT_GENOME199396	GUT_GENOME199396_00430	345	17	11.9855	0	0	0
GUT_GENOME199396	GUT_GENOME199396_00431	285	37	10.8297	13.4547	0.626812	523846
GUT_GENOME199396	GUT_GENOME199396_00432	534	42	12.4446	12.7115	0.539745	523846
GUT_GENOME199396	GUT_GENOME199396_00433	174	153	12.9795	16.3187	62.9269	28890
GUT_GENOME199396	GUT_GENOME199396_00434	80	7	6.66298	0	0	0
GUT_GENOME199396	GUT_GENOME199396_00435	381	224	14.4688	17.7995	94.7466	523846
GUT_GENOME199396	GUT_GENOME199396_00436	288	395	15.412	14.1932	192.766	2283794
GUT_GENOME199396	GUT_GENOME199396_00437	167	7	5.19477	0	0	0
GUT_GENOME199396	GUT_GENOME199396_00438	81	1	1	0	0	0
GUT_GENOME199396	GUT_GENOME199396_00439	276	76	14.3523	16.4881	17.0183	523846
GUT_GENOME199396	GUT_GENOME199396_00440	230	3	2.55656	0	0	0
GUT_GENOME199396	GUT_GENOME199396_00441	249	447	8.35366	14.935	282.882	131567
GUT_GENOME199396	GUT_GENOME199396_00442	282	34	9.46218	13.7038	1.67437	523846
GUT_GENOME199396	GUT_GENOME199396_00443	291	174	7.8463	14.2667	67.8667	131567
GUT_GENOME199396	GUT_GENOME199396_00444	269	49	8.54545	14.1542	5.57708	523846
GUT_GENOME199396	GUT_GENOME199396_00445	141	374	8.90681	16.0609	241.262	28890
GUT_GENOME199396	GUT_GENOME199396_00446	186	409	13.7119	15.0339	198.825	523846
GUT_GENOME199396	GUT_GENOME199396_00447	724	476	15.8298	20.3032	248.703	523846
GUT_GENOME199396	GUT_GENOME199396_00448	413	444	14.2421	14.2932	274.3	523846
GUT_GENOME199396	GUT_GENOME199396_00449	102	25	11.5217	11.2029	0.850242	523846
GUT_GENOME199396	GUT_GENOME199396_00451	264	7	5.12133	0	0	0
GUT_GENOME199396	GUT_GENOME199396_00452	818	36	10.0514	11.1291	0.528986	523846
GUT_GENOME199396	GUT_GENOME199396_00453	128	4	3.20543	0	0	0
GUT_GENOME199396	GUT_GENOME199396_00454	145	8	5.43686	0.610922	0	0
GUT_GENOME199396	GUT_GENOME199396_00455	175	2	1.90203	0	0	0
GUT_GENOME199396	GUT_GENOME199396_00456	412	67	13.9724	14.8697	14.8133	2283794
GUT_GENOME199396	GUT_GENOME199396_00457	53	0	0	0	0	0
GUT_GENOME199396	GUT_GENOME199396_00458	749	44	12.0943	13.5241	0.533194	523846
GUT_GENOME199396	GUT_GENOME199396_00459	253	47	11.7723	13.2981	2.65839	2283794
GUT_GENOME199396	GUT_GENOME199396_00460	189	7	4.87805	0	0	0
GUT_GENOME199396	GUT_GENOME199396_00461	96	2	1.99444	0	0	0
GUT_GENOME199396	GUT_GENOME199396_00462	266	36	13.3456	10.0985	1.11776	523846
GUT_GENOME199396	GUT_GENOME199396_00463	449	61	15.652	15.6181	13.0395	523846
GUT_GENOME199396	GUT_GENOME199396_00464	110	2	1.89498	0	0	0
GUT_GENOME199396	GUT_GENOME199396_00465	329	40	13.0392	14.7726	0.658133	523846
GUT_GENOME199396	GUT_GENOME199396_00471	135	30	12.6486	9.66304	0	0
GUT_GENOME199396	GUT_GENOME199396_00472	202	29	8.37324	7.39906	0.485915	523846
GUT_GENOME199396	GUT_GENOME199396_00473	216	32	12.6746	10.488	0.583732	523846
GUT_GENOME199396	GUT_GENOME199396_00474	407	15	8.24806	1.61499	0	0
GUT_GENOME199396	GUT_GENOME199396_00475	388	40	12.2811	11.7202	0.553273	523846
GUT_GENOME199396	GUT_GENOME199396_00476	368	351	12.8656	14.1372	156.163	131567
GUT_GENOME199396	GUT_GENOME199396_00477	101	8	7.23858	0	0	0
GUT_GENOME199396	GUT_GENOME199396_00478	288	39	12.1962	12.1382	0.508532	523846
GUT_GENOME199396	GUT_GENOME199396_00479	313	11	6.36347	0.517179	0.542495	118967
GUT_GENOME199396	GUT_GENOME199396_00480	443	19	12.1647	0.534914	0	0
GUT_GENOME199396	GUT_GENOME199396_00481	70	0	0	0	0	0
GUT_GENOME199396	GUT_GENOME199396_00482	392	32	12.0511	7.2611	0	0
GUT_GENOME199396	GUT_GENOME199396_00483	230	12	7.82183	0	0	0
GUT_GENOME199396	GUT_GENOME199396_00484	171	7	4.79228	0	0	0
GUT_GENOME199396	GUT_GENOME199396_00485	306	51	12.4155	13.8615	8.22973	523846
GUT_GENOME199396	GUT_GENOME199396_00486	415	62	13.4228	13.1271	10.9252	523846
GUT_GENOME199396	GUT_GENOME199396_00487	500	0	0	0	0	0
GUT_GENOME199396	GUT_GENOME199396_00488	35	0	0	0	0	0
GUT_GENOME199396	GUT_GENOME199396_00489	179	41	13.8622	11.727	2.42432	523846
GUT_GENOME199396	GUT_GENOME199396_00490	257	7	5.41545	0	0	0
GUT_GENOME199396	GUT_GENOME199396_00491	366	11	7.3661	0	0	0
GUT_GENOME199396	GUT_GENOME199396_00492	393	18	10.7318	0.929688	0	0
GUT_GENOME199396	GUT_GENOME199396_00493	227	36	10.1703	12.2198	1.06681	523846
GUT_GENOME199396	GUT_GENOME199396_00494	163	14	2.35093	0	5.87578	2
GUT_GENOME199396	GUT_GENOME199396_00495	569	216	14.522	17.1707	99.2803	28890
GUT_GENOME199396	GUT_GENOME199396_00496	364	446	15.5592	18.0313	260.774	131567
GUT_GENOME199396	GUT_GENOME199396_00497	33	0	0	0	0	0
GUT_GENOME199396	GUT_GENOME199396_00498	320	5	3.09621	0	0	0
GUT_GENOME199396	GUT_GENOME199396_00499	287	3	2.41681	0	0	0
GUT_GENOME199396	GUT_GENOME199396_00500	438	119	2.71116	0	65.9356	2
GUT_GENOME199396	GUT_GENOME199396_00501	358	93	2.85112	0	47.9593	2
GUT_GENOME199396	GUT_GENOME199396_00502	346	3	2.6804	0	0	0
GUT_GENOME199396	GUT_GENOME199396_00503	239	1	0.983982	0	0	0
GUT_GENOME199396	GUT_GENOME199396_00504	79	0	0	0	0	0
GUT_GENOME199396	GUT_GENOME199396_00505	99	0	0	0	0	0
GUT_GENOME199396	GUT_GENOME199396_00506	153	0	0	0	0	0
GUT_GENOME199396	GUT_GENOME199396_00507	61	0	0	0	0	0
GUT_GENOME199396	GUT_GENOME199396_00508	54	0	0	0	0	0
GUT_GENOME199396	GUT_GENOME199396_00509	108	2	0.813953	0.795349	0	0
GUT_GENOME199396	GUT_GENOME199396_00510	239	7	3.24742	0.849485	0	0
GUT_GENOME199396	GUT_GENOME199396_00511	74	0	0	0	0	0
GUT_GENOME199396	GUT_GENOME199396_00512	324	421	0	0	273.911	1301
GUT_GENOME199396	GUT_GENOME199396_00513	144	125	0	0	88.7399	1301
GUT_GENOME199396	GUT_GENOME199396_00514	262	241	0	0	168.688	1301
GUT_GENOME199396	GUT_GENOME199396_00515	310	1	0	0	0.998328	2951140
GUT_GENOME199396	GUT_GENOME199396_00516	126	1	0	0	1	2951140
GUT_GENOME199396	GUT_GENOME199396_00517	129	1	0	0	1	2951140
GUT_GENOME199396	GUT_GENOME199396_00518	186	7	0	0	3.975	2951140
GUT_GENOME199396	GUT_GENOME199396_00519	702	1	0	0	0.981818	2951140
GUT_GENOME199396	GUT_GENOME199396_00520	692	1	0	0	1	2951140
GUT_GENOME199396	GUT_GENOME199396_00521	162	1	0	0	1	2951140
GUT_GENOME199396	GUT_GENOME199396_00522	98	6	5.51295	0	0	0
GUT_GENOME199396	GUT_GENOME199396_00523	403	93	12.154	15.0352	22.7258	523846
GUT_GENOME199396	GUT_GENOME199396_00524	894	473	13.2302	18.6901	238.584	523846
GUT_GENOME199396	GUT_GENOME199396_00525	603	467	15.1286	16.2852	260.95	523846
GUT_GENOME199396	GUT_GENOME199396_00526	514	69	13.8986	17.1402	14.9503	523846
GUT_GENOME199396	GUT_GENOME199396_00527	77	0	0	0	0	0
GUT_GENOME199396	GUT_GENOME199396_00533	90	1	0.989247	0	0	0
GUT_GENOME199396	GUT_GENOME199396_00534	36	0	0	0	0	0
GUT_GENOME199396	GUT_GENOME199396_00535	216	1	0.995192	0	0	0
GUT_GENOME199396	GUT_GENOME199396_00536	866	35	11.9832	9.02024	0	0
GUT_GENOME199396	GUT_GENOME199396_00537	69	0	0	0	0	0
GUT_GENOME199396	GUT_GENOME199396_00538	125	3	2.83254	0	0	0
GUT_GENOME199396	GUT_GENOME199396_00539	217	116	14.5758	15.8815	40	28890
GUT_GENOME199396	GUT_GENOME199396_00540	343	37	14.9071	12.3004	0.563135	523846
GUT_GENOME199396	GUT_GENOME199396_00542	364	35	13.1842	9.25111	0.555721	523846
GUT_GENOME199396	GUT_GENOME199396_00543	150	33	12.8703	9.88737	0	0
GUT_GENOME199396	GUT_GENOME199396_00544	101	2	1.94581	0	0	0
GUT_GENOME199396	GUT_GENOME199396_00545	314	12	7.24311	1.01621	0	0
GUT_GENOME199396	GUT_GENOME199396_00546	250	473	12.8821	13.2378	243.482	131567
GUT_GENOME199396	GUT_GENOME199396_00547	105	4	3.79717	0	0	0
GUT_GENOME199396	GUT_GENOME199396_00548	137	7	5.33333	0	0	0
GUT_GENOME199396	GUT_GENOME199396_00549	60	0	0	0	0	0
GUT_GENOME199396	GUT_GENOME199396_00550	553	41	14.2677	12.4094	0.596136	523846
GUT_GENOME199396	GUT_GENOME199396_00551	119	4	3.48718	0	0	0
GUT_GENOME199396	GUT_GENOME199396_00552	905	64	12.6088	13.3017	13.6471	523846
GUT_GENOME199396	GUT_GENOME199396_00553	199	52	2.88998	0	28.6968	131567
GUT_GENOME199396	GUT_GENOME199396_00554	438	36	11.1333	9.51769	0.487028	523846
GUT_GENOME199396	GUT_GENOME199396_00555	208	243	13.7255	13.1575	101.842	131567
GUT_GENOME199396	GUT_GENOME199396_00556	315	411	12.2135	10.711	225.169	131567
GUT_GENOME199396	GUT_GENOME199396_00557	401	466	12.6325	14.6812	232.695	28890
GUT_GENOME199396	GUT_GENOME199396_00558	1090	46	12.8094	17.1987	0.581124	523846
GUT_GENOME199396	GUT_GENOME199396_00559	716	46	14.5302	17.7986	0.652669	523846
GUT_GENOME199396	GUT_GENOME199396_00560	405	35	12.9472	8.63317	0	0
GUT_GENOME199396	GUT_GENOME199396_00561	381	16	10.4032	0	0	0
GUT_GENOME199396	GUT_GENOME199396_00562	39	0	0	0	0	0
GUT_GENOME199396	GUT_GENOME199396_00563	137	18	11.3993	1.25	1.28358	131567
GUT_GENOME199396	GUT_GENOME199396_00564	478	5	3.52632	0	0	0
GUT_GENOME199396	GUT_GENOME199396_00565	506	7	4.80244	0	0	0
GUT_GENOME199396	GUT_GENOME199396_00566	555	11	7.05239	0	0	0
GUT_GENOME199396	GUT_GENOME199396_00567	348	84	13.9463	20.198	21.0467	523846
GUT_GENOME199396	GUT_GENOME199396_00568	234	18	8.93246	1.72113	0	0
GUT_GENOME199396	GUT_GENOME199396_00569	436	18	10.0455	1.0323	0	0
GUT_GENOME199396	GUT_GENOME199396_00570	84	0	0	0	0	0
GUT_GENOME199396	GUT_GENOME199396_00571	153	7	5.24092	0	0	0
GUT_GENOME199396	GUT_GENOME199396_00572	409	20	12.4126	0.952201	0	0
GUT_GENOME199396	GUT_GENOME199396_00573	292	107	14.9231	12.9913	35.9843	28890
GUT_GENOME199396	GUT_GENOME199396_00574	233	46	13.6286	11.5777	4.87379	28890
GUT_GENOME199396	GUT_GENOME199396_00575	270	35	9.84016	10.924	0	0
GUT_GENOME199396	GUT_GENOME199396_00576	109	3	2.69	0	0	0
GUT_GENOME199396	GUT_GENOME199396_00577	238	121	13.2753	12.2533	44.3877	523846
GUT_GENOME199396	GUT_GENOME199396_00578	68	0	0	0	0	0
GUT_GENOME199396	GUT_GENOME199396_00579	81	0	0	0	0	0
GUT_GENOME199396	GUT_GENOME199396_00580	312	90	15.0775	16.7991	25.6123	523846
GUT_GENOME199396	GUT_GENOME199396_00581	489	104	14.4776	13.9677	32.2705	2283794
GUT_GENOME199396	GUT_GENOME199396_00582	205	11	6.73048	0.498741	0	0
GUT_GENOME199396	GUT_GENOME199396_00583	88	4	3.90588	0	0	0
GUT_GENOME199396	GUT_GENOME199396_00584	252	123	12.5643	12.8233	47.3394	523846
GUT_GENOME199396	GUT_GENOME199396_00585	411	41	12.3744	13.9701	2.54353	523846
GUT_GENOME199396	GUT_GENOME199396_00586	72	0	0	0	0	0
GUT_GENOME199396	GUT_GENOME199396_00587	87	0	0	0	0	0
GUT_GENOME199396	GUT_GENOME199396_00588	143	2	1.9918	0	0	0
GUT_GENOME199396	GUT_GENOME199396_00589	77	0	0	0	0	0
GUT_GENOME199396	GUT_GENOME199396_00590	128	9	7.57759	0	0	0
GUT_GENOME199396	GUT_GENOME199396_00591	485	37	12.2767	10.3322	0	0
GUT_GENOME199396	GUT_GENOME199396_00592	111	3	2.80788	0	0	0
GUT_GENOME199396	GUT_GENOME199396_00593	92	2	1.95882	0	0	0
GUT_GENOME199396	GUT_GENOME199396_00594	157	37	11.5116	12.6898	0	0
GUT_GENOME199396	GUT_GENOME199396_00595	82	0	0	0	0	0
GUT_GENOME199396	GUT_GENOME199396_00596	471	22	6.14979	4.44521	0	0
GUT_GENOME199396	GUT_GENOME199396_00597	161	31	11.2165	9.88415	0	0
GUT_GENOME199396	GUT_GENOME199396_00598	148	55	16.4314	16.3144	12.1672	2182
GUT_GENOME199396	GUT_GENOME199396_00599	375	46	14.7212	17.4946	1.96649	2182
GUT_GENOME199396	GUT_GENOME199396_00600	332	36	12.0825	12.699	0	0
GUT_GENOME199396	GUT_GENOME199396_00601	75	0	0	0	0	0
GUT_GENOME199396	GUT_GENOME199396_00602	314	159	6.30293	0.537459	70.5114	1239
GUT_GENOME199396	GUT_GENOME199396_00603	240	3	2.40133	0	0	0
GUT_GENOME199396	GUT_GENOME199396_00604	240	3	2.39013	0	0	0
GUT_GENOME199396	GUT_GENOME199396_00605	305	37	8.61641	7.7729	0	0
GUT_GENOME199396	GUT_GENOME199396_00606	488	110	12.4486	14.1874	29.2859	523846
GUT_GENOME199396	GUT_GENOME199396_00607	317	7	4.85426	0	0	0
GUT_GENOME199396	GUT_GENOME199396_00608	417	27	13.7348	4.95472	0	0
GUT_GENOME199396	GUT_GENOME199396_00609	157	2	1.87781	0	0	0
GUT_GENOME199396	GUT_GENOME199396_00610	89	2	1.98204	0	0	0
GUT_GENOME199396	GUT_GENOME199396_00611	53	0	0	0	0	0
GUT_GENOME199396	GUT_GENOME199396_00612	190	28	11.3543	5.88451	0	0
GUT_GENOME199396	GUT_GENOME199396_00613	108	4	3.60648	0	0	0
GUT_GENOME199396	GUT_GENOME199396_00614	455	23	5.08443	7.02412	3.02632	2478471
GUT_GENOME199396	GUT_GENOME199396_00615	275	17	5.16423	6.88686	0.614964	2478471
GUT_GENOME199396	GUT_GENOME199396_00616	534	17	4.6212	5.47498	1.0265	2157
GUT_GENOME199396	GUT_GENOME199396_00617	334	14	4.04314	5.50385	0	0
GUT_GENOME199396	GUT_GENOME199396_00618	183	3	2.43869	0	0	0
GUT_GENOME199396	GUT_GENOME199396_00619	192	25	12.2884	4.33862	0	0
GUT_GENOME199396	GUT_GENOME199396_00620	492	1	0.981838	0	0	0
GUT_GENOME199396	GUT_GENOME199396_00621	2226	20	10.802	0.72815	0	0
GUT_GENOME199396	GUT_GENOME199396_00622	583	35	11.962	10.916	0	0
GUT_GENOME199396	GUT_GENOME199396_00623	198	5	3.42298	0	0	0
GUT_GENOME199396	GUT_GENOME199396_00624	99	2	1.96859	0	0	0
GUT_GENOME199396	GUT_GENOME199396_00625	347	449	5.07865	0.633427	215.103	2
GUT_GENOME199396	GUT_GENOME199396_00626	428	20	13.4493	0	0	0
GUT_GENOME199396	GUT_GENOME199396_00627	262	7	4.61355	0	0	0
GUT_GENOME199396	GUT_GENOME199396_00628	58	0	0	0	0	0
GUT_GENOME199396	GUT_GENOME199396_00631	186	11	7.39084	0	0	0
GUT_GENOME199396	GUT_GENOME199396_00632	212	21	8.2619	3.10476	2.01905	28890
GUT_GENOME199396	GUT_GENOME199396_00633	231	9	6.16703	0	0	0
GUT_GENOME199396	GUT_GENOME199396_00634	261	9	6.51093	0	0	0
GUT_GENOME199396	GUT_GENOME199396_00635	159	13	8.43087	1.11254	0	0
GUT_GENOME199396	GUT_GENOME199396_00636	332	46	8.38661	5.77017	14.2785	28890
GUT_GENOME199396	GUT_GENOME199396_00637	337	46	8.27861	6.36747	16.9578	28890
GUT_GENOME199396	GUT_GENOME199396_00638	1242	3	1.82594	0	0	0
GUT_GENOME199396	GUT_GENOME199396_00639	767	2	1.66393	0	0	0
GUT_GENOME199396	GUT_GENOME199396_00640	649	3	2.53327	0	0	0
GUT_GENOME199396	GUT_GENOME199396_00641	142	3	2.34191	0	0	0
GUT_GENOME199396	GUT_GENOME199396_00642	339	17	10.4084	0.508039	0	0
GUT_GENOME199396	GUT_GENOME199396_00643	418	53	14.4745	13.7737	5.56448	523846
GUT_GENOME199396	GUT_GENOME199396_00644	420	2	1.85857	0	0	0
GUT_GENOME199396	GUT_GENOME199396_00645	333	14	8.89051	0	0	0
GUT_GENOME199396	GUT_GENOME199396_00646	306	8	5.91167	0	0	0
GUT_GENOME199396	GUT_GENOME199396_00647	345	1	0.997019	0	0	0
GUT_GENOME199396	GUT_GENOME199396_00648	561	1	0.995379	0	0	0
GUT_GENOME199396	GUT_GENOME199396_00649	256	58	11.5417	13.0813	9.62897	131567
GUT_GENOME199396	GUT_GENOME199396_00650	415	34	10.279	9.59641	0.51497	523846
GUT_GENOME199396	GUT_GENOME199396_00651	202	10	7.19512	0	0	0
GUT_GENOME199396	GUT_GENOME199396_00652	312	36	11.3193	8.89408	3.09813	2206
GUT_GENOME199396	GUT_GENOME199396_00653	768	34	13.2867	10.0667	0	0
GUT_GENOME199396	GUT_GENOME199396_00654	178	23	10.2535	3.65915	0.543662	523846
GUT_GENOME199396	GUT_GENOME199396_00655	163	72	10.8419	13.6018	21.3313	224756
GUT_GENOME199396	GUT_GENOME199396_00656	383	41	13.768	11.3945	0.515072	523846
GUT_GENOME199396	GUT_GENOME199396_00657	220	8	5.24242	0	0	0
GUT_GENOME199396	GUT_GENOME199396_00658	309	43	11.3333	8.04333	6.31667	28890
GUT_GENOME199396	GUT_GENOME199396_00659	124	6	4.68526	0	0	0
GUT_GENOME199396	GUT_GENOME199396_00660	183	122	12.1694	15.6806	46.4083	28890
GUT_GENOME199396	GUT_GENOME199396_00661	556	407	13.2108	15.3245	192.995	131567
GUT_GENOME199396	GUT_GENOME199396_00662	79	0	0	0	0	0
GUT_GENOME199396	GUT_GENOME199396_00663	370	221	11.4246	15.1646	98.9225	131567
GUT_GENOME199396	GUT_GENOME199396_00664	486	106	10.6698	12.5501	36.2931	131567
GUT_GENOME199396	GUT_GENOME199396_00665	436	124	13.863	16.4518	38.3426	523846
GUT_GENOME199396	GUT_GENOME199396_00666	94	3	2.95455	0	0	0
GUT_GENOME199396	GUT_GENOME199396_00667	116	0	0	0	0	0
GUT_GENOME199396	GUT_GENOME199396_00668	88	0	0	0	0	0
GUT_GENOME199396	GUT_GENOME199396_00669	160	7	5.45752	0	0	0
GUT_GENOME199396	GUT_GENOME199396_00670	89	6	5.6129	0	0	0
GUT_GENOME199396	GUT_GENOME199396_00671	493	466	12.8225	14.1056	237.161	523846
GUT_GENOME199396	GUT_GENOME199396_00672	237	400	13.8647	13.9725	203.429	2283794
GUT_GENOME199396	GUT_GENOME199396_00673	303	418	3.87081	0.651007	254.054	2
GUT_GENOME199396	GUT_GENOME199396_00674	397	36	12.3889	9.38095	0	0
GUT_GENOME199396	GUT_GENOME199396_00675	219	23	11.3808	3.14031	0	0
GUT_GENOME199396	GUT_GENOME199396_00676	115	2	1.89848	0	0	0
GUT_GENOME199396	GUT_GENOME199396_00677	240	19	10.4195	1.42373	0	0
GUT_GENOME199396	GUT_GENOME199396_00678	110	23	11.9315	7.08676	0	0
GUT_GENOME199396	GUT_GENOME199396_00679	411	479	14.687	14.6906	287.314	131567
GUT_GENOME199396	GUT_GENOME199396_00680	231	9	6.17711	0	0	0
GUT_GENOME199396	GUT_GENOME199396_00681	130	3	2.44528	0	0	0
GUT_GENOME199396	GUT_GENOME199396_00682	57	0	0	0	0	0
GUT_GENOME199396	GUT_GENOME199396_00683	194	7	4.88041	0	0	0
GUT_GENOME199396	GUT_GENOME199396_00684	460	2	1.99423	0	0	0
GUT_GENOME199396	GUT_GENOME199396_00685	70	0	0	0	0	0
GUT_GENOME199396	GUT_GENOME199396_00686	463	3	2.53909	0	0	0
GUT_GENOME199396	GUT_GENOME199396_00687	204	5	3.55501	0	0	0
GUT_GENOME199396	GUT_GENOME199396_00688	340	217	15.3783	15.3431	102.953	523846
GUT_GENOME199396	GUT_GENOME199396_00689	381	37	11.1591	11.5593	0.494133	523846
GUT_GENOME199396	GUT_GENOME199396_00690	395	7	4.60559	0	0	0
GUT_GENOME199396	GUT_GENOME199396_00691	897	44	14.1981	15.7946	0.547286	523846
GUT_GENOME199396	GUT_GENOME199396_00692	101	0	0	0	0	0
GUT_GENOME199396	GUT_GENOME199396_00693	335	143	13.8311	11.9213	46.9655	523846
GUT_GENOME199396	GUT_GENOME199396_00694	212	93	14.5636	13.2394	32.0873	2283794
GUT_GENOME199396	GUT_GENOME199396_00695	160	189	13.262	14.5783	89.4792	523846
GUT_GENOME199396	GUT_GENOME199396_00696	156	33	12.5306	11.9694	0.717687	523846
GUT_GENOME199396	GUT_GENOME199396_00697	568	41	12.7142	12.6857	0.558824	523846
GUT_GENOME199396	GUT_GENOME199396_00698	141	6	4.88476	0	0	0
GUT_GENOME199396	GUT_GENOME199396_00699	55	0	0	0	0	0
GUT_GENOME199396	GUT_GENOME199396_00700	393	44	14.0026	17.017	0.630065	523846
GUT_GENOME199396	GUT_GENOME199396_00701	322	469	12.6042	16.2009	211.384	2
GUT_GENOME199396	GUT_GENOME199396_00702	292	7	4.85019	0	0	0
GUT_GENOME199396	GUT_GENOME199396_00703	473	89	13.9767	13.8063	23.4381	28890
GUT_GENOME199396	GUT_GENOME199396_00704	412	26	13.0798	4.10798	0	0
GUT_GENOME199396	GUT_GENOME199396_00705	153	2	1.73611	0	0	0
GUT_GENOME199396	GUT_GENOME199396_00706	395	49	14.3669	12.135	4.56319	523846
GUT_GENOME199396	GUT_GENOME199396_00707	199	4	2.84987	0	0	0
GUT_GENOME199396	GUT_GENOME199396_00708	256	35	12.1866	11.4909	0.574037	523846
GUT_GENOME199396	GUT_GENOME199396_00709	58	0	0	0	0	0
GUT_GENOME199396	GUT_GENOME199396_00710	265	38	15.1478	13.19	0.598848	523846
GUT_GENOME199396	GUT_GENOME199396_00711	59	0	0	0	0	0
GUT_GENOME199396	GUT_GENOME199396_00712	92	14	12.801	0	0	0
GUT_GENOME199396	GUT_GENOME199396_00713	281	10	5.51866	0.45709	0	0
GUT_GENOME199396	GUT_GENOME199396_00714	244	36	13.3411	13.1158	0.545263	523846
GUT_GENOME199396	GUT_GENOME199396_00715	243	34	4.93574	6.59839	7.41968	131567
GUT_GENOME199396	GUT_GENOME199396_00716	449	7	4.60465	0	0	0
GUT_GENOME199396	GUT_GENOME199396_00717	140	6	4.89516	0	0	0
GUT_GENOME199396	GUT_GENOME199396_00718	205	46	12.555	15.48	2.355	523846
GUT_GENOME199396	GUT_GENOME199396_00719	176	43	12.8646	13.9308	1.09798	523846
GUT_GENOME199396	GUT_GENOME199396_00720	363	65	14.1432	17.146	17.1432	2283794
GUT_GENOME199396	GUT_GENOME199396_00721	135	2	1.86038	0	0	0
GUT_GENOME199396	GUT_GENOME199396_00722	122	4	3.3114	0	0	0
GUT_GENOME199396	GUT_GENOME199396_00723	155	3	2.52077	0	0	0
GUT_GENOME199396	GUT_GENOME199396_00724	866	71	15.2785	18.3369	13.4525	523846
GUT_GENOME199396	GUT_GENOME199396_00725	283	8	5.27883	0	0	0
GUT_GENOME199396	GUT_GENOME199396_00726	274	244	11.6502	11.5916	113.084	1239
GUT_GENOME199396	GUT_GENOME199396_00727	554	46	14.0825	15.4246	1.47368	523846
GUT_GENOME199396	GUT_GENOME199396_00728	92	2	1.9881	0	0	0
GUT_GENOME199396	GUT_GENOME199396_00729	98	2	1.96923	0	0	0
GUT_GENOME199396	GUT_GENOME199396_00730	693	46	14.4491	17.9317	0.57758	523846
GUT_GENOME199396	GUT_GENOME199396_00731	86	1	0.988024	0	0	0
GUT_GENOME199396	GUT_GENOME199396_00732	361	32	11.0268	7.96186	0	0
GUT_GENOME199396	GUT_GENOME199396_00733	359	17	11.9972	0	0	0
GUT_GENOME199396	GUT_GENOME199396_00734	289	33	10.7784	7.98198	0.515315	523846
GUT_GENOME199396	GUT_GENOME199396_00735	111	2	1.96698	0	0	0
GUT_GENOME199396	GUT_GENOME199396_00736	251	25	12.8814	3.94888	0	0
GUT_GENOME199396	GUT_GENOME199396_00737	388	18	11.1895	0.506901	0	0
GUT_GENOME199396	GUT_GENOME199396_00738	416	462	14.0348	17.8535	235.816	523846
GUT_GENOME199396	GUT_GENOME199396_00739	216	16	10.5795	0	0	0
GUT_GENOME199396	GUT_GENOME199396_00740	327	44	12.5969	13.6938	1.04844	523846
GUT_GENOME199396	GUT_GENOME199396_00741	187	21	11.6082	1.40548	0	0
GUT_GENOME199396	GUT_GENOME199396_00742	417	193	14.4412	16.0863	74.6007	523846
GUT_GENOME199396	GUT_GENOME199396_00743	390	72	13.1682	13.9831	18.9687	2283794
GUT_GENOME199396	GUT_GENOME199396_00744	330	35	11.7309	10	0.496815	523846
GUT_GENOME199396	GUT_GENOME199396_00745	454	138	14.0543	13.4601	54.1153	523846
GUT_GENOME199396	GUT_GENOME199396_00746	348	67	12.9762	12.5542	14.8574	523846
GUT_GENOME199396	GUT_GENOME199396_00747	268	28	11.3295	6.11111	0	0
GUT_GENOME199396	GUT_GENOME199396_00748	320	21	13.379	1.45323	0	0
GUT_GENOME199396	GUT_GENOME199396_00749	282	18	9.49027	1.97699	0	0
GUT_GENOME199396	GUT_GENOME199396_00750	198	461	14.5026	16.2821	256.982	28890
GUT_GENOME199396	GUT_GENOME199396_00751	64	0	0	0	0	0
GUT_GENOME199396	GUT_GENOME199396_00752	414	382	15.954	15.5249	162.1	523846
GUT_GENOME199396	GUT_GENOME199396_00753	592	252	15.2483	18.5563	108.735	2283794
GUT_GENOME199396	GUT_GENOME199396_00754	125	7	5.975	0	0	0
GUT_GENOME199396	GUT_GENOME199396_00755	251	6	4.47529	0	0	0
GUT_GENOME199396	GUT_GENOME199396_00756	395	42	11.8084	15.2754	0.553299	523846
GUT_GENOME199396	GUT_GENOME199396_00757	234	40	12.3595	11.3617	0.557734	523846
GUT_GENOME199396	GUT_GENOME199396_00758	193	15	8.90107	0	0.473262	523846
GUT_GENOME199396	GUT_GENOME199396_00759	188	29	13.3493	6.57746	0	0
GUT_GENOME199396	GUT_GENOME199396_00760	81	0	0	0	0	0
GUT_GENOME199396	GUT_GENOME199396_00761	364	351	14.4455	16.6003	195.464	2157
GUT_GENOME199396	GUT_GENOME199396_00762	56	0	0	0	0	0
GUT_GENOME199396	GUT_GENOME199396_00763	195	25	12.0104	3.6658	0	0
GUT_GENOME199396	GUT_GENOME199396_00764	545	43	14.4039	11.4255	0.436274	523846
GUT_GENOME199396	GUT_GENOME199396_00765	164	6	4.84122	0	0	0
GUT_GENOME199396	GUT_GENOME199396_00766	358	36	11.95	10.5	0.551389	523846
GUT_GENOME199396	GUT_GENOME199396_00767	200	23	12.0628	5.63661	0	0
GUT_GENOME199396	GUT_GENOME199396_00768	417	27	11.0829	4.85963	0	0
GUT_GENOME199396	GUT_GENOME199396_00769	288	5	3.43234	0	0	0
GUT_GENOME199396	GUT_GENOME199396_00770	313	8	5.61199	0	0	0
GUT_GENOME199396	GUT_GENOME199396_00771	336	82	14.2658	14.1141	24.0225	523846
GUT_GENOME199396	GUT_GENOME199396_00772	254	334	13.8454	16.9137	147.032	523846
GUT_GENOME199396	GUT_GENOME199396_00773	86	2	1.98802	0	0	0
GUT_GENOME199396	GUT_GENOME199396_00774	241	456	13.7181	12.9979	256.179	28890
GUT_GENOME199396	GUT_GENOME199396_00775	136	45	13.1309	16.8836	5.60364	28890
GUT_GENOME199396	GUT_GENOME199396_00776	154	43	12.2997	11.6938	5.60912	28890
GUT_GENOME199396	GUT_GENOME199396_00777	250	401	13.9545	13.5813	187.012	2157
GUT_GENOME199396	GUT_GENOME199396_00778	68	0	0	0	0	0
GUT_GENOME199396	GUT_GENOME199396_00779	113	31	14.708	12.3009	0	0
GUT_GENOME199396	GUT_GENOME199396_00780	92	2	1.94915	0	0	0
GUT_GENOME199396	GUT_GENOME199396_00781	105	30	12.0512	14.2558	0	0
GUT_GENOME199396	GUT_GENOME199396_00782	132	52	13.2869	13.0876	15.9163	28890
GUT_GENOME199396	GUT_GENOME199396_00783	117	6	5.15652	0	0	0
GUT_GENOME199396	GUT_GENOME199396_00784	242	37	14.1468	10.2348	0.947589	523846
GUT_GENOME199396	GUT_GENOME199396_00785	170	47	12.5075	13.3063	7.02703	523846
GUT_GENOME199396	GUT_GENOME199396_00786	388	324	12.0988	13.3992	143.286	131567
GUT_GENOME199396	GUT_GENOME199396_00787	144	8	5.83221	0	0	0
GUT_GENOME199396	GUT_GENOME199396_00788	358	3	2.42522	0	0	0
GUT_GENOME199396	GUT_GENOME199396_00789	427	46	13.1313	17.1129	2.50806	523846
GUT_GENOME199396	GUT_GENOME199396_00790	286	37	14.0997	10.1065	0.530928	523846
GUT_GENOME199396	GUT_GENOME199396_00791	193	43	13.2966	11.0525	1.4252	2283794
GUT_GENOME199396	GUT_GENOME199396_00792	306	24	11.5156	2.24567	0.441176	523846
GUT_GENOME199396	GUT_GENOME199396_00793	218	66	11.0308	9.20616	14.4621	28890
GUT_GENOME199396	GUT_GENOME199396_00794	114	2	1.97143	0	0	0
GUT_GENOME199396	GUT_GENOME199396_00795	98	3	2.86598	0	0	0
GUT_GENOME199396	GUT_GENOME199396_00796	48	0	0	0	0	0
GUT_GENOME199396	GUT_GENOME199396_00797	250	140	14.1798	14.5152	50.596	28890
GUT_GENOME199396	GUT_GENOME199396_00798	352	6	4.04265	0	0	0
GUT_GENOME199396	GUT_GENOME199396_00799	503	32	13.1583	7.51379	0	0
GUT_GENOME199396	GUT_GENOME199396_00800	407	18	10.8801	0	0	0
GUT_GENOME199396	GUT_GENOME199396_00801	917	9	6.47925	0	0	0
GUT_GENOME199396	GUT_GENOME199396_00802	66	0	0	0	0	0
GUT_GENOME199396	GUT_GENOME199396_00803	198	50	11.8631	10.8411	7.76528	131567
GUT_GENOME199396	GUT_GENOME199396_00804	355	55	14.3074	15.6841	6.54674	523846
GUT_GENOME199396	GUT_GENOME199396_00805	63	0	0	0	0	0
GUT_GENOME199396	GUT_GENOME199396_00806	241	1	0.988962	0	0	0
GUT_GENOME199396	GUT_GENOME199396_00807	132	3	2.66415	0	0	0
GUT_GENOME199396	GUT_GENOME199396_00808	58	0	0	0	0	0
GUT_GENOME199396	GUT_GENOME199396_00809	396	223	14.991	16.5404	93.1117	523846
GUT_GENOME199396	GUT_GENOME199396_00810	295	17	7.18	3.1	0	0
GUT_GENOME199396	GUT_GENOME199396_00811	713	9	5.89008	0	0	0
GUT_GENOME199396	GUT_GENOME199396_00812	35	0	0	0	0	0
GUT_GENOME199396	GUT_GENOME199396_00813	171	313	9.46647	9.29446	150.195	131567
GUT_GENOME199396	GUT_GENOME199396_00814	145	17	10.3559	1.25979	0	0
GUT_GENOME199396	GUT_GENOME199396_00815	433	339	14.5445	17.6867	160.569	131567
GUT_GENOME199396	GUT_GENOME199396_00816	1616	10	6.05362	0.481282	0	0
GUT_GENOME199396	GUT_GENOME199396_00817	142	2	1.93814	0	0	0
GUT_GENOME199396	GUT_GENOME199396_00818	352	34	7.02339	12.0789	0.852339	523846
GUT_GENOME199396	GUT_GENOME199396_00819	405	31	7.60719	10.486	0.528628	523846
GUT_GENOME199396	GUT_GENOME199396_00820	411	3	2.32321	0	0	0
GUT_GENOME199396	GUT_GENOME199396_00821	511	84	13.4191	12.2452	24.0509	523846
GUT_GENOME199396	GUT_GENOME199396_00822	92	1	1	0	0	0
GUT_GENOME199396	GUT_GENOME199396_00823	219	12	8.44295	0	0	0
GUT_GENOME199396	GUT_GENOME199396_00824	344	19	12.0522	1.6	0	0
GUT_GENOME199396	GUT_GENOME199396_00825	230	16	11.9862	0	0	0
GUT_GENOME199396	GUT_GENOME199396_00826	192	371	12.8153	13.0422	178.296	131567
GUT_GENOME199396	GUT_GENOME199396_00827	211	2	1.92246	0	0	0
GUT_GENOME199396	GUT_GENOME199396_00828	275	111	15.1026	12.2631	39.1866	2283794
GUT_GENOME199396	GUT_GENOME199396_00830	380	14	7.77252	0.480916	0	0
GUT_GENOME199396	GUT_GENOME199396_00831	307	433	12.3079	15.9524	217.059	131567
GUT_GENOME199396	GUT_GENOME199396_00832	277	40	12.9905	11.5744	0	0
GUT_GENOME199396	GUT_GENOME199396_00833	329	36	12.1641	9.14531	0.5	523846
GUT_GENOME199396	GUT_GENOME199396_00834	502	459	10.0344	0	272.366	1239
GUT_GENOME199396	GUT_GENOME199396_00835	193	449	9.3852	0	264.61	131567
GUT_GENOME199396	GUT_GENOME199396_00836	335	454	10.0483	0	279.726	2
GUT_GENOME199396	GUT_GENOME199396_00837	258	445	8.4728	0	247.272	2
GUT_GENOME199396	GUT_GENOME199396_00838	593	437	7.06985	0	215.014	1783272
GUT_GENOME199396	GUT_GENOME199396_00839	257	447	10.6052	0	264.097	2
GUT_GENOME199396	GUT_GENOME199396_00840	224	1	0.722581	0	0	0
GUT_GENOME199396	GUT_GENOME199396_00841	285	108	12.4014	11.6684	37.0279	523846
GUT_GENOME199396	GUT_GENOME199396_00842	276	41	12.3939	12.1569	1.37077	523846
GUT_GENOME199396	GUT_GENOME199396_00843	157	34	12.4367	11.5843	0.641566	523846
GUT_GENOME199396	GUT_GENOME199396_00844	405	42	12.4803	17.6724	0.663793	523846
GUT_GENOME199396	GUT_GENOME199396_00845	174	2	1.33574	0	0	0
GUT_GENOME199396	GUT_GENOME199396_00848	118	3	2.71239	0	0	0
GUT_GENOME199396	GUT_GENOME199396_00849	683	13	7.76955	0.479835	0	0
GUT_GENOME199396	GUT_GENOME199396_00850	60	0	0	0	0	0
GUT_GENOME199396	GUT_GENOME199396_00851	56	0	0	0	0	0
GUT_GENOME199396	GUT_GENOME199396_00852	133	35	13.4335	14.6616	1.36502	523846
GUT_GENOME199396	GUT_GENOME199396_00853	140	34	13.1047	13.3141	0.689531	523846
GUT_GENOME199396	GUT_GENOME199396_00854	121	6	5.21397	0	0	0
GUT_GENOME199396	GUT_GENOME199396_00855	274	22	11.9818	2.90693	0	0
GUT_GENOME199396	GUT_GENOME199396_00856	130	276	11.45	8.87308	170.969	28890
GUT_GENOME199396	GUT_GENOME199396_00857	178	76	12.5603	10.9454	22.1207	28890
GUT_GENOME199396	GUT_GENOME199396_00858	147	36	15.1404	12.386	0.624561	523846
GUT_GENOME199396	GUT_GENOME199396_00860	713	30	4.47525	3.76803	7.64993	1239
GUT_GENOME199396	GUT_GENOME199396_00861	237	2	1.89588	0	0	0
GUT_GENOME199396	GUT_GENOME199396_00862	154	26	1.74367	0	13.4241	29521
GUT_GENOME199396	GUT_GENOME199396_00863	339	6	4.17949	0	0	0
GUT_GENOME199396	GUT_GENOME199396_00864	539	402	15.8246	23.02	227.971	28890
GUT_GENOME199396	GUT_GENOME199396_00865	206	5	3.57488	0	0	0
GUT_GENOME199396	GUT_GENOME199396_00866	283	6	4.25616	0	0	0
GUT_GENOME199396	GUT_GENOME199396_00867	399	22	10.8944	2.89822	0	0
GUT_GENOME199396	GUT_GENOME199396_00868	159	33	12.7729	7.69716	0.545741	523846
GUT_GENOME199396	GUT_GENOME199396_00869	164	24	9.30341	5.4613	0	0
GUT_GENOME199396	GUT_GENOME199396_00870	339	112	12.2865	16.4891	34.0405	2283794
GUT_GENOME199396	GUT_GENOME199396_00871	153	37	10.2333	12.63	0.573333	523846
GUT_GENOME199396	GUT_GENOME199396_00872	245	53	13.1077	16.1594	5.86542	2283794
GUT_GENOME199396	GUT_GENOME199396_00873	234	429	9.29556	1.36889	249.018	1239
GUT_GENOME199396	GUT_GENOME199396_00874	182	79	15.2486	15.0568	18.5459	523846
GUT_GENOME199396	GUT_GENOME199396_00875	132	37	14.8447	14.0379	0.67803	523846
GUT_GENOME199396	GUT_GENOME199396_00876	444	37	13.8155	11.0381	0	0
GUT_GENOME199396	GUT_GENOME199396_00877	398	93	13.4752	16.7433	25.7154	2283794
GUT_GENOME199396	GUT_GENOME199396_00878	460	11	8.32667	0	0	0
GUT_GENOME199396	GUT_GENOME199396_00879	511	7	5.49057	0	0	0
GUT_GENOME199396	GUT_GENOME199396_00880	90	2	1.98305	0	0	0
GUT_GENOME199396	GUT_GENOME199396_00881	606	20	11.9266	1.04371	0	0
GUT_GENOME199396	GUT_GENOME199396_00882	324	6	4.55083	0	0	0
GUT_GENOME199396	GUT_GENOME199396_00883	597	44	6.39828	0.505172	17.5457	131567
GUT_GENOME199396	GUT_GENOME199396_00884	581	128	6.3677	0.52281	57.6341	131567
GUT_GENOME199396	GUT_GENOME199396_00885	323	8	4.84485	0	0.434716	2070227
GUT_GENOME199396	GUT_GENOME199396_00886	174	9	6.06539	0	0	0
GUT_GENOME199396	GUT_GENOME199396_00887	176	3	2.66181	0	0	0
GUT_GENOME199396	GUT_GENOME199396_00888	122	2	1.90726	0	0	0
GUT_GENOME199396	GUT_GENOME199396_00889	163	4	3.19255	0	0	0
GUT_GENOME199396	GUT_GENOME199396_00890	298	44	13.409	13.9324	0.540728	523846
GUT_GENOME199396	GUT_GENOME199396_00891	99	2	1.88614	0	0	0
GUT_GENOME199396	GUT_GENOME199396_00892	655	460	15.36	17.0261	266.064	131567
GUT_GENOME199396	GUT_GENOME199396_00893	225	1	0.945701	0	0	0
GUT_GENOME199396	GUT_GENOME199396_00894	359	15	8.86722	1.10512	0	0
GUT_GENOME199396	GUT_GENOME199396_00895	339	122	12.72	12.2938	45.32	523846
GUT_GENOME199396	GUT_GENOME199396_00896	139	66	7.69388	11.5136	21.7585	28890
GUT_GENOME199396	GUT_GENOME199396_00897	161	85	13.7975	4.36503	32.0307	131567
GUT_GENOME199396	GUT_GENOME199396_00898	69	0	0	0	0	0
GUT_GENOME199396	GUT_GENOME199396_00899	145	18	12.1583	1.21942	0	0
GUT_GENOME199396	GUT_GENOME199396_00900	179	313	13.3775	11.6648	144.659	2283794
GUT_GENOME199396	GUT_GENOME199396_00901	238	6	4.39914	0	0	0
GUT_GENOME199396	GUT_GENOME199396_00902	224	6	4.13089	0	0	0
GUT_GENOME199396	GUT_GENOME199396_00903	171	47	14.6092	10.6236	5.83908	2283794
GUT_GENOME199396	GUT_GENOME199396_00904	408	70	13.3748	18.5236	17.9395	28890
GUT_GENOME199396	GUT_GENOME199396_00905	253	18	11.6865	0.486111	0	0
GUT_GENOME199396	GUT_GENOME199396_00906	234	32	10.9465	9.2294	0	0
GUT_GENOME199396	GUT_GENOME199396_00907	612	42	13.7514	13.5028	0	0
GUT_GENOME199396	GUT_GENOME199396_00909	339	2	1.84342	0	0	0
GUT_GENOME199396	GUT_GENOME199396_00910	104	2	1.97778	0	0	0
GUT_GENOME199396	GUT_GENOME199396_00911	140	14	9.89085	0	0	0
GUT_GENOME199396	GUT_GENOME199396_00912	95	2	1.98396	0	0	0
GUT_GENOME199396	GUT_GENOME199396_00913	505	2	1.77618	0	0	0
GUT_GENOME199396	GUT_GENOME199396_00914	261	7	4.76078	0	0	0
GUT_GENOME199396	GUT_GENOME199396_00915	431	385	14.6532	17.0392	176.835	131567
GUT_GENOME199396	GUT_GENOME199396_00916	109	9	7.78873	0	0	0
GUT_GENOME199396	GUT_GENOME199396_00917	272	16	10.719	0	0	0
GUT_GENOME199396	GUT_GENOME199396_00918	359	2	1.97218	0	0	0
GUT_GENOME199396	GUT_GENOME199396_00919	342	360	9.25641	0	205.527	1239
GUT_GENOME199396	GUT_GENOME199396_00920	311	2	1.95826	0	0	0
GUT_GENOME199396	GUT_GENOME199396_00921	707	56	11.0337	2.01648	18.1543	131567
GUT_GENOME199396	GUT_GENOME199396_00922	62	0	0	0	0	0
GUT_GENOME199396	GUT_GENOME199396_00923	31	0	0	0	0	0
GUT_GENOME199396	GUT_GENOME199396_00924	276	12	8.82342	0	0	0
GUT_GENOME199396	GUT_GENOME199396_00925	108	2	1.94712	0	0	0
GUT_GENOME199396	GUT_GENOME199396_00926	344	5	2.81791	0	0	0
GUT_GENOME199396	GUT_GENOME199396_00927	105	0	0	0	0	0
GUT_GENOME199396	GUT_GENOME199396_00928	104	0	0	0	0	0
GUT_GENOME199396	GUT_GENOME199396_00929	481	62	6.1954	1.12644	25.9582	2
GUT_GENOME199396	GUT_GENOME199396_00930	173	57	12.5272	12.6189	11.4097	523846
GUT_GENOME199396	GUT_GENOME199396_00931	108	4	3.58937	0	0	0
GUT_GENOME199396	GUT_GENOME199396_00932	384	36	11.1102	10.6505	0.526882	523846
GUT_GENOME199396	GUT_GENOME199396_00933	305	7	5.51629	0	0	0
GUT_GENOME199396	GUT_GENOME199396_00934	497	443	15.7906	15.5209	224.473	28890
GUT_GENOME199396	GUT_GENOME199396_00935	204	25	10.1315	3.97767	0.508685	523846
GUT_GENOME199396	GUT_GENOME199396_00936	268	41	12.8856	11.5084	0.484053	523846
GUT_GENOME199396	GUT_GENOME199396_00937	290	31	11.2316	7.03333	1.04035	131567
GUT_GENOME199396	GUT_GENOME199396_00938	300	100	12.5664	13.9568	36.3505	131567
GUT_GENOME199396	GUT_GENOME199396_00939	465	7	5.72478	0	0	0
GUT_GENOME199396	GUT_GENOME199396_00940	163	8	5.98095	0	0	0
GUT_GENOME199396	GUT_GENOME199396_00941	303	34	10.8476	2.43257	5.33975	1239
GUT_GENOME199396	GUT_GENOME199396_00942	421	43	11.7572	14.4312	0.537572	523846
GUT_GENOME199396	GUT_GENOME199396_00943	538	472	14.9678	18.3794	242.608	523846
GUT_GENOME199396	GUT_GENOME199396_00944	289	5	2.80306	0	0	0
GUT_GENOME199396	GUT_GENOME199396_00945	142	2	1.85401	0	0	0
GUT_GENOME199396	GUT_GENOME199396_00946	249	2	1.92	0	0	0
GUT_GENOME199396	GUT_GENOME199396_00947	268	7	5.03386	0	0	0
GUT_GENOME199396	GUT_GENOME199396_00948	226	78	13.5798	13.3146	19.3978	28890
GUT_GENOME199396	GUT_GENOME199396_00949	180	16	10.7357	0	0	0
GUT_GENOME199396	GUT_GENOME199396_00950	244	169	13.0194	9.946	66.4644	2157
GUT_GENOME199396	GUT_GENOME199396_00951	101	2	1.95238	0	0	0
GUT_GENOME199396	GUT_GENOME199396_00952	1689	3	2.13624	0	0	0
GUT_GENOME199396	GUT_GENOME199396_00953	1453	2	1.85787	0	0	0
GUT_GENOME199396	GUT_GENOME199396_00954	107	4	3.83099	0	0	0
GUT_GENOME199396	GUT_GENOME199396_00955	73	0	0	0	0	0
GUT_GENOME199396	GUT_GENOME199396_00956	300	2	1.80639	0	0	0
GUT_GENOME199396	GUT_GENOME199396_00957	76	0	0	0	0	0
GUT_GENOME199396	GUT_GENOME199396_00958	136	2	1.96029	0	0	0
GUT_GENOME199396	GUT_GENOME199396_00959	130	2	1.92105	0	0	0
GUT_GENOME199396	GUT_GENOME199396_00960	252	0	0	0	0	0
GUT_GENOME199396	GUT_GENOME199396_00961	116	12	9.68619	0	0	0
GUT_GENOME199396	GUT_GENOME199396_00962	223	23	12.4989	2.57143	0	0
GUT_GENOME199396	GUT_GENOME199396_00963	491	453	13.9365	9.66837	185.758	224756
GUT_GENOME199396	GUT_GENOME199396_00964	428	460	10.9017	6.75355	259.666	131567
GUT_GENOME199396	GUT_GENOME199396_00965	514	171	5.75225	0	82.4246	2
GUT_GENOME199396	GUT_GENOME199396_00966	249	370	5.6373	0	196.494	2
GUT_GENOME199396	GUT_GENOME199396_00967	160	96	12.8622	11.6314	38.1186	523846
GUT_GENOME199396	GUT_GENOME199396_00968	760	474	13.0575	16.5558	227.278	28890
GUT_GENOME199396	GUT_GENOME199396_00969	385	46	13.2212	13.2683	2.5144	523846
GUT_GENOME199396	GUT_GENOME199396_00970	115	1	0.966019	0	0	0
GUT_GENOME199396	GUT_GENOME199396_00971	248	0	0	0	0	0
GUT_GENOME199396	GUT_GENOME199396_00972	304	45	12.5613	15.0346	2.40252	523846
GUT_GENOME199396	GUT_GENOME199396_00973	220	77	6.04435	1.34146	31.8803	186802
GUT_GENOME199396	GUT_GENOME199396_00974	371	45	13.7173	13.2447	2.56399	2283794
GUT_GENOME199396	GUT_GENOME199396_00975	180	54	14.0406	12.5942	9.70145	2283794
GUT_GENOME199396	GUT_GENOME199396_00976	290	336	13.6857	14.8774	141.085	523846
GUT_GENOME199396	GUT_GENOME199396_00977	375	400	14.0573	14.4354	183.571	2283794
GUT_GENOME199396	GUT_GENOME199396_00978	69	0	0	0	0	0
GUT_GENOME199396	GUT_GENOME199396_00979	108	9	8.14679	0	0	0
GUT_GENOME199396	GUT_GENOME199396_00980	311	58	13.2137	16.1185	9.54758	523846
GUT_GENOME199396	GUT_GENOME199396_00981	146	7	5.07692	0	0	0
GUT_GENOME199396	GUT_GENOME199396_00982	360	58	12.9476	11.5834	9.88	2283794
GUT_GENOME199396	GUT_GENOME199396_00983	245	92	12.7323	11.8763	24.641	2283794
GUT_GENOME199396	GUT_GENOME199396_00984	204	86	12.9293	12.6869	25.6263	28890
GUT_GENOME199396	GUT_GENOME199396_00985	636	218	15.8182	14.9013	101.294	523846
GUT_GENOME199396	GUT_GENOME199396_00986	175	455	6.64387	12.8063	243.006	131567
GUT_GENOME199396	GUT_GENOME199396_00987	130	10	8.43621	0	0	0
GUT_GENOME199396	GUT_GENOME199396_00988	404	471	11.9121	12.0691	264.04	2283794
GUT_GENOME199396	GUT_GENOME199396_00989	128	14	11.257	0	0	0
GUT_GENOME199396	GUT_GENOME199396_00990	596	59	14.9292	16.993	8.32605	523846
GUT_GENOME199396	GUT_GENOME199396_00991	150	445	13.7973	14.8694	251.643	131567
GUT_GENOME199396	GUT_GENOME199396_00992	53	0	0	0	0	0
GUT_GENOME199396	GUT_GENOME199396_00993	68	0	0	0	0	0
GUT_GENOME199396	GUT_GENOME199396_00994	123	27	14.0261	8.24783	0	0
GUT_GENOME199396	GUT_GENOME199396_00995	160	6	4.93902	0	0	0
GUT_GENOME199396	GUT_GENOME199396_00996	426	16	9.48109	1.55201	0	0
GUT_GENOME199396	GUT_GENOME199396_00997	244	7	5.0307	0	0	0
GUT_GENOME199396	GUT_GENOME199396_00998	203	5	3.54717	0	0	0
GUT_GENOME199396	GUT_GENOME199396_00999	153	2	1.88215	0	0	0
GUT_GENOME199396	GUT_GENOME199396_01000	288	17	11.223	0.534513	0	0
GUT_GENOME199396	GUT_GENOME199396_01001	67	0	0	0	0	0
GUT_GENOME199396	GUT_GENOME199396_01002	305	42	12.7211	14.863	0.531353	523846
GUT_GENOME199396	GUT_GENOME199396_01003	246	33	10.9694	10.6469	0.597959	523846
GUT_GENOME199396	GUT_GENOME199396_01004	331	455	1	0.749245	275.499	2
GUT_GENOME199396	GUT_GENOME199396_01005	383	377	1.96031	0.681178	187.036	2
GUT_GENOME199396	GUT_GENOME199396_01006	276	13	1.95113	0.56015	5.06955	131567
GUT_GENOME199396	GUT_GENOME199396_01007	465	2	1.90998	0	0	0
GUT_GENOME199396	GUT_GENOME199396_01008	349	468	1.95821	0.681556	278.225	131567
GUT_GENOME199396	GUT_GENOME199396_01009	321	9	4.85915	1.05164	0	0
GUT_GENOME199396	GUT_GENOME199396_01010	95	1	1	0	0	0
GUT_GENOME199396	GUT_GENOME199396_01011	324	6	4.10328	0	0	0
GUT_GENOME199396	GUT_GENOME199396_01012	301	2	1.87023	0	0	0
GUT_GENOME199396	GUT_GENOME199396_01013	169	2	1.95988	0	0	0
GUT_GENOME199396	GUT_GENOME199396_01014	752	44	13.357	14.4446	0.543776	523846
GUT_GENOME199396	GUT_GENOME199396_01015	165	2	1.7476	0	0	0
GUT_GENOME199396	GUT_GENOME199396_01016	130	2	1.99254	0	0	0
GUT_GENOME199396	GUT_GENOME199396_01017	191	6	4.55797	0	0	0
GUT_GENOME199396	GUT_GENOME199396_01018	186	59	14.5787	12.8848	12.0225	523846
GUT_GENOME199396	GUT_GENOME199396_01019	454	43	14.3509	13.169	2.03286	523846
GUT_GENOME199396	GUT_GENOME199396_01020	145	31	13.3857	8.84643	0	0
GUT_GENOME199396	GUT_GENOME199396_01021	152	68	12.7723	12.4917	18.8647	2157
GUT_GENOME199396	GUT_GENOME199396_01022	213	358	14.5806	13.91	179.37	28890
GUT_GENOME199396	GUT_GENOME199396_01023	193	88	12.2055	12.2712	25.8904	28890
GUT_GENOME199396	GUT_GENOME199396_01024	148	34	14.1609	13.751	0.662835	523846
GUT_GENOME199396	GUT_GENOME199396_01025	109	15	13.0613	0	0	0
GUT_GENOME199396	GUT_GENOME199396_01026	178	183	13.3914	13.8686	79.2457	523846
GUT_GENOME199396	GUT_GENOME199396_01027	229	12	8.93263	0	0	0
GUT_GENOME199396	GUT_GENOME199396_01028	174	10	7.50435	0	0	0
GUT_GENOME199396	GUT_GENOME199396_01029	88	1	1	0	0	0
GUT_GENOME199396	GUT_GENOME199396_01030	298	100	13.2139	17.3831	32.2852	2283794
GUT_GENOME199396	GUT_GENOME199396_01031	341	27	6.65764	8.30948	0	0
GUT_GENOME199396	GUT_GENOME199396_01032	250	18	12.4888	0	0	0
GUT_GENOME199396	GUT_GENOME199396_01033	141	7	5.17708	0	0	0
GUT_GENOME199396	GUT_GENOME199396_01034	307	7	5.54777	0	0	0
GUT_GENOME199396	GUT_GENOME199396_01035	51	0	0	0	0	0
GUT_GENOME199396	GUT_GENOME199396_01036	770	3	2.50197	0	0	0
GUT_GENOME199396	GUT_GENOME199396_01037	36	0	0	0	0	0
GUT_GENOME199396	GUT_GENOME199396_01038	475	7	4.96312	0	0	0
GUT_GENOME199396	GUT_GENOME199396_01039	569	1	0.90155	0	0	0
GUT_GENOME199396	GUT_GENOME199396_01040	671	44	13.655	5.35194	8.66744	131567
GUT_GENOME199396	GUT_GENOME199396_01041	76	0	0	0	0	0
GUT_GENOME199396	GUT_GENOME199396_01042	66	0	0	0	0	0
GUT_GENOME199396	GUT_GENOME199396_01043	281	84	12.0126	15.4505	20.2432	2283794
GUT_GENOME199396	GUT_GENOME199396_01044	276	18	9.53346	1.9252	0	0
GUT_GENOME199396	GUT_GENOME199396_01045	101	2	2	0	0	0
GUT_GENOME199396	GUT_GENOME199396_01046	213	99	13.0221	14.8575	29.0663	28890
GUT_GENOME199396	GUT_GENOME199396_01047	353	7	4.49926	0	0	0
GUT_GENOME199396	GUT_GENOME199396_01048	270	13	9.09221	0	0	0
GUT_GENOME199396	GUT_GENOME199396_01049	284	3	2.47778	0	0	0
GUT_GENOME199396	GUT_GENOME199396_01050	107	10	8.87923	0	0	0
GUT_GENOME199396	GUT_GENOME199396_01051	63	0	0	0	0	0
GUT_GENOME199396	GUT_GENOME199396_01052	263	199	10.0148	2.54815	95.4981	2
GUT_GENOME199396	GUT_GENOME199396_01053	225	44	15.3096	16.3784	1.17202	523846
GUT_GENOME199396	GUT_GENOME199396_01054	122	1	0.951754	0	0	0
GUT_GENOME199396	GUT_GENOME199396_01055	138	1	0.860902	0	0	0
GUT_GENOME199396	GUT_GENOME199396_01056	117	0	0	0	0	0
GUT_GENOME199396	GUT_GENOME199396_01057	518	2	1.81732	0	0	0
GUT_GENOME199396	GUT_GENOME199396_01058	660	42	13.4566	16.2305	0	0
GUT_GENOME199396	GUT_GENOME199396_01059	525	14	9.13001	0	0	0
GUT_GENOME199396	GUT_GENOME199396_01060	158	2	1.83529	0	0	0
GUT_GENOME199396	GUT_GENOME199396_01061	131	24	0	0	19.6283	1239
GUT_GENOME199396	GUT_GENOME199396_01062	155	132	14.2215	13.215	52.8827	28890
GUT_GENOME199396	GUT_GENOME199396_01063	404	23	11.0692	2.55748	0.485785	523846
GUT_GENOME199396	GUT_GENOME199396_01064	447	191	13.47	15.6384	78.6784	2283794
GUT_GENOME199396	GUT_GENOME199396_01065	189	93	13.4986	13.1793	27.9468	2283794
GUT_GENOME199396	GUT_GENOME199396_01066	329	41	14.7982	13.3713	0.57473	523846
GUT_GENOME199396	GUT_GENOME199396_01067	190	21	11.0053	2.57487	0	0
GUT_GENOME199396	GUT_GENOME199396_01068	258	422	11.1667	13.4237	203.193	523846
GUT_GENOME199396	GUT_GENOME199396_01069	245	1	0.751479	0	0	0
GUT_GENOME199396	GUT_GENOME199396_01070	366	28	13.1876	5.07586	0	0
GUT_GENOME199396	GUT_GENOME199396_01071	424	255	12.2133	15.572	100.98	2283794
GUT_GENOME199396	GUT_GENOME199396_01072	549	470	13.5743	17.0868	234.724	2283794
GUT_GENOME199396	GUT_GENOME199396_01073	349	46	14.223	17.4712	1.0901	523846
GUT_GENOME199396	GUT_GENOME199396_01074	149	3	2.5625	0	0	0
GUT_GENOME199396	GUT_GENOME199396_01075	251	17	11.8638	0.518293	0	0
GUT_GENOME199396	GUT_GENOME199396_01076	256	4	3.05305	0	0	0
GUT_GENOME199396	GUT_GENOME199396_01077	564	77	14.6411	17.5232	16.7875	2283794
GUT_GENOME199396	GUT_GENOME199396_01078	197	345	15.261	10.9561	152.018	523846
GUT_GENOME199396	GUT_GENOME199396_01079	130	2	1.83539	0	0	0
GUT_GENOME199396	GUT_GENOME199396_01080	164	6	4.28387	0	0	0
GUT_GENOME199396	GUT_GENOME199396_01081	122	2	1.93277	0	0	0
GUT_GENOME199396	GUT_GENOME199396_01082	253	18	11.4941	0.523622	0.521654	523846
GUT_GENOME199396	GUT_GENOME199396_01083	254	102	13.5711	16.1719	32.8755	131567
GUT_GENOME199396	GUT_GENOME199396_01084	238	9	6.0108	0	0	0
GUT_GENOME199396	GUT_GENOME199396_01085	196	2	1.93122	0	0	0
GUT_GENOME199396	GUT_GENOME199396_01086	299	57	13.0846	14.204	5.67164	2283794
GUT_GENOME199396	GUT_GENOME199396_01087	513	26	12.2645	3.91182	0.542084	523846
GUT_GENOME199396	GUT_GENOME199396_01088	158	16	11.6	0	0	0
GUT_GENOME199396	GUT_GENOME199396_01089	147	138	14.6519	16.5563	60.9522	2283794
GUT_GENOME199396	GUT_GENOME199396_01090	413	164	14.1304	19.0203	73.3342	523846
GUT_GENOME199396	GUT_GENOME199396_01091	186	16	11.1138	0	0	0
GUT_GENOME199396	GUT_GENOME199396_01092	273	392	6.92634	2.01842	188.893	186802
GUT_GENOME199396	GUT_GENOME199396_01093	216	413	7.9	2.56667	240.197	186802
GUT_GENOME199396	GUT_GENOME199396_01094	227	428	7.76786	2.45982	259.864	186802
GUT_GENOME199396	GUT_GENOME199396_01095	309	171	15.8911	16.374	62.9317	523846
GUT_GENOME199396	GUT_GENOME199396_01096	271	2	1.85603	0	0	0
GUT_GENOME199396	GUT_GENOME199396_01097	335	22	11.2694	1.89474	0.495356	523846
GUT_GENOME199396	GUT_GENOME199396_01098	612	4	2.70236	0	0	0
GUT_GENOME199396	GUT_GENOME199396_01099	432	452	13.6414	9.52453	254.756	131567
GUT_GENOME199396	GUT_GENOME199396_01100	395	458	11.9661	9.96606	227.159	131567
GUT_GENOME199396	GUT_GENOME199396_01101	122	294	12.2903	12	185.786	131567
GUT_GENOME199396	GUT_GENOME199396_01102	313	31	11.7047	8.11074	0	0
GUT_GENOME199396	GUT_GENOME199396_01103	132	7	5.81919	0	0	0
GUT_GENOME199396	GUT_GENOME199396_01104	249	14	9.04435	0	0	0
GUT_GENOME199396	GUT_GENOME199396_01105	113	11	5.96262	3.13084	0	0
GUT_GENOME199396	GUT_GENOME199396_01106	524	50	14.4817	16.364	3.02572	2283794
GUT_GENOME199396	GUT_GENOME199396_01107	208	1	0.979592	0	0	0
GUT_GENOME199396	GUT_GENOME199396_01108	194	1	0.786704	0	0	0
GUT_GENOME199396	GUT_GENOME199396_01109	240	450	9.025	0	270.825	2
GUT_GENOME199396	GUT_GENOME199396_01110	499	116	11.715	15.1682	50.8238	28890
GUT_GENOME199396	GUT_GENOME199396_01111	256	89	12.3447	10.1824	26.7415	28890
GUT_GENOME199396	GUT_GENOME199396_01112	391	194	13.7837	15.3722	79.924	2283794
GUT_GENOME199396	GUT_GENOME199396_01113	59	0	0	0	0	0
GUT_GENOME199396	GUT_GENOME199396_01114	261	2	1.7958	0	0	0
GUT_GENOME199396	GUT_GENOME199396_01115	384	40	8.09603	0.635083	13.8566	2
GUT_GENOME199396	GUT_GENOME199396_01116	290	32	9.58059	7.63432	1.69844	523846
GUT_GENOME199396	GUT_GENOME199396_01117	444	45	9.03815	10.2312	9.19653	2283794
GUT_GENOME199396	GUT_GENOME199396_01118	332	143	14.9144	16.5541	52.5	523846
GUT_GENOME199396	GUT_GENOME199396_01119	301	471	13.8223	13.0778	237.203	131567
GUT_GENOME199396	GUT_GENOME199396_01120	563	441	12.591	14.9602	204.186	523846
GUT_GENOME199396	GUT_GENOME199396_01121	163	70	11.0426	11.459	21.282	28890
GUT_GENOME199396	GUT_GENOME199396_01122	175	34	13.3811	6.0745	3.04585	186807
GUT_GENOME199396	GUT_GENOME199396_01123	236	17	11.0659	0	0	0
GUT_GENOME199396	GUT_GENOME199396_01124	171	34	12.3419	9.91168	0	0
GUT_GENOME199396	GUT_GENOME199396_01125	362	59	12.4078	15.0832	10.57	2283794
GUT_GENOME199396	GUT_GENOME199396_01126	219	4	2.92822	0	0	0
GUT_GENOME199396	GUT_GENOME199396_01127	398	426	13.8373	16.7856	191.803	2283794
GUT_GENOME199396	GUT_GENOME199396_01128	65	0	0	0	0	0
GUT_GENOME199396	GUT_GENOME199396_01129	243	147	12.7393	12.5534	52.0876	28890
GUT_GENOME199396	GUT_GENOME199396_01130	88	5	4.75843	0	0	0
GUT_GENOME199396	GUT_GENOME199396_01131	214	109	14.7968	15.377	36.3747	523846
GUT_GENOME199396	GUT_GENOME199396_01132	236	343	14.2957	16.2022	150.876	523846
GUT_GENOME199396	GUT_GENOME199396_01133	593	44	13.9259	16.3161	0.614286	523846
GUT_GENOME199396	GUT_GENOME199396_01134	102	2	1.89216	0	0	0
GUT_GENOME199396	GUT_GENOME199396_01135	194	24	10.8032	4.08245	0	0
GUT_GENOME199396	GUT_GENOME199396_01136	185	12	8.22924	0	0	0
GUT_GENOME199396	GUT_GENOME199396_01137	626	483	17.8968	19.071	274.396	131567
GUT_GENOME199396	GUT_GENOME199396_01138	382	90	11.8472	13.7722	20.9264	1239
GUT_GENOME199396	GUT_GENOME199396_01139	454	104	6.32151	0	49.0973	1239
GUT_GENOME199396	GUT_GENOME199396_01140	410	46	12.0476	9.76548	3.70357	131567
GUT_GENOME199396	GUT_GENOME199396_01141	339	77	13.5442	14.7085	18.2977	523846
GUT_GENOME199396	GUT_GENOME199396_01142	159	16	10.9663	0.572391	0	0
GUT_GENOME199396	GUT_GENOME199396_01143	996	2	1.61474	0	0	0
GUT_GENOME199396	GUT_GENOME199396_01144	182	6	4.45833	0	0	0
GUT_GENOME199396	GUT_GENOME199396_01145	226	39	11.1701	10.7931	1.0046	2191
GUT_GENOME199396	GUT_GENOME199396_01146	126	4	3.11923	0	0	0
GUT_GENOME199396	GUT_GENOME199396_01147	350	32	13.4135	6.11635	0	0
GUT_GENOME199396	GUT_GENOME199396_01148	296	161	12.8296	13.7078	74.16	2283794
GUT_GENOME199396	GUT_GENOME199396_01149	518	18	12.0533	0	0	0
GUT_GENOME199396	GUT_GENOME199396_01150	114	11	9.40517	0	0	0
GUT_GENOME199396	GUT_GENOME199396_01151	114	8	6.73109	0	0	0
GUT_GENOME199396	GUT_GENOME199396_01152	233	2	1.80044	0	0	0
GUT_GENOME199396	GUT_GENOME199396_01153	254	184	1.97988	0.863179	107.203	131567
GUT_GENOME199396	GUT_GENOME199396_01154	271	2	1.87849	0	0	0
GUT_GENOME199396	GUT_GENOME199396_01155	249	2	1.90646	0	0	0
GUT_GENOME199396	GUT_GENOME199396_01156	118	2	1.8583	0	0	0
GUT_GENOME199396	GUT_GENOME199396_01157	179	2	1.92265	0	0	0
GUT_GENOME199396	GUT_GENOME199396_01158	69	0	0	0	0	0
GUT_GENOME199396	GUT_GENOME199396_01159	37	0	0	0	0	0
GUT_GENOME199396	GUT_GENOME199396_01160	56	0	0	0	0	0
GUT_GENOME199396	GUT_GENOME199396_01161	56	0	0	0	0	0
GUT_GENOME199396	GUT_GENOME199396_01162	296	4	3.00495	0	0	0
GUT_GENOME199396	GUT_GENOME199396_01163	200	111	1.84289	0	54.4165	2
GUT_GENOME199396	GUT_GENOME199396_01164	579	122	0.90077	0	69.2609	1783272
GUT_GENOME199396	GUT_GENOME199396_01165	241	41	14.2511	14.6201	0.655022	523846
GUT_GENOME199396	GUT_GENOME199396_01166	286	431	15.0179	15.4301	238.649	2283794
GUT_GENOME199396	GUT_GENOME199396_01167	400	267	14.5079	14.9447	118.093	2283794
GUT_GENOME199396	GUT_GENOME199396_01168	66	0	0	0	0	0
GUT_GENOME199396	GUT_GENOME199396_01169	213	20	11.6526	1.00248	0	0
GUT_GENOME199396	GUT_GENOME199396_01170	150	12	9.00671	0	0	0
GUT_GENOME199396	GUT_GENOME199396_01171	51	0	0	0	0	0
GUT_GENOME199396	GUT_GENOME199396_01172	128	12	6.74517	0.640927	1.30116	186802
GUT_GENOME199396	GUT_GENOME199396_01173	567	6	1.58949	2.05343	0	0
GUT_GENOME199396	GUT_GENOME199396_01174	994	0	0	0	0	0
GUT_GENOME199396	GUT_GENOME199396_01175	179	37	11.5984	9.80055	0	0
GUT_GENOME199396	GUT_GENOME199396_01176	284	7	4.93852	0	0	0
GUT_GENOME199396	GUT_GENOME199396_01177	93	1	0	0	1	2981784
GUT_GENOME199396	GUT_GENOME199396_01178	406	39	11.751	15.5388	0.642948	523846
GUT_GENOME199396	GUT_GENOME199396_01179	297	64	11.6476	13.5955	12.842	523846
GUT_GENOME199396	GUT_GENOME199396_01180	273	96	12.9008	16.2156	27.5191	2182
GUT_GENOME199396	GUT_GENOME199396_01181	349	353	15.202	18.9855	155.092	523846
GUT_GENOME199396	GUT_GENOME199396_01182	104	2	1.84804	0	0	0
GUT_GENOME199396	GUT_GENOME199396_01183	134	20	12.956	2.948	0	0
GUT_GENOME199396	GUT_GENOME199396_01184	252	275	11.332	4.29821	125.131	131567
GUT_GENOME199396	GUT_GENOME199396_01185	246	40	11.6387	11.2122	0.531513	523846
GUT_GENOME199396	GUT_GENOME199396_01186	224	24	12.9838	3.12761	0	0
GUT_GENOME199396	GUT_GENOME199396_01187	469	226	13.3471	13.2466	99.2328	28890
GUT_GENOME199396	GUT_GENOME199396_01188	69	0	0	0	0	0
GUT_GENOME199396	GUT_GENOME199396_01189	57	0	0	0	0	0
GUT_GENOME199396	GUT_GENOME199396_01190	335	11	5.65482	1.46954	0	0
GUT_GENOME199396	GUT_GENOME199396_01191	63	0	0	0	0	0
GUT_GENOME199396	GUT_GENOME199396_01192	152	30	11.5875	8.32673	0	0
GUT_GENOME199396	GUT_GENOME199396_01193	668	2	1.83891	0	0	0
GUT_GENOME199396	GUT_GENOME199396_01194	66	0	0	0	0	0
GUT_GENOME199396	GUT_GENOME199396_01195	102	4	3.68586	0	0	0
GUT_GENOME199396	GUT_GENOME199396_01196	51	0	0	0	0	0
GUT_GENOME199396	GUT_GENOME199396_01197	472	63	16.3773	16.313	8.68266	2283794
GUT_GENOME199396	GUT_GENOME199396_01198	73	0	0	0	0	0
GUT_GENOME199396	GUT_GENOME199396_01199	343	21	11.9444	1.48099	0	0
GUT_GENOME199396	GUT_GENOME199396_01200	204	18	10.8259	1.79863	0	0
GUT_GENOME199396	GUT_GENOME199396_01201	239	4	3.03855	0	0	0
GUT_GENOME199396	GUT_GENOME199396_01202	202	5	3.64264	0	0	0
GUT_GENOME199396	GUT_GENOME199396_01203	177	1	0.956897	0	0	0
GUT_GENOME199396	GUT_GENOME199396_01204	454	12	8.93632	0.795991	0	0
GUT_GENOME199396	GUT_GENOME199396_01205	97	2	1.95652	0	0	0
GUT_GENOME199396	GUT_GENOME199396_01206	149	1	0.861017	0	0	0
GUT_GENOME199396	GUT_GENOME199396_01207	272	32	11.5536	8.60516	0.414683	230356
GUT_GENOME199396	GUT_GENOME199396_01208	963	484	15.2089	18.2289	274.139	131567
GUT_GENOME199396	GUT_GENOME199396_01209	308	435	6.17875	0	234.175	1239
GUT_GENOME199396	GUT_GENOME199396_01210	715	449	10.1667	2.38913	259.269	131567
GUT_GENOME199396	GUT_GENOME199396_01211	413	14	5.81349	1.93544	0	0
GUT_GENOME199396	GUT_GENOME199396_01212	474	44	14.001	18.5747	2.07106	523846
GUT_GENOME199396	GUT_GENOME199396_01213	308	51	14.5088	17.4864	7.344	523846
GUT_GENOME199396	GUT_GENOME199396_01214	141	85	13.0805	16.1275	30.0302	523846
GUT_GENOME199396	GUT_GENOME199396_01215	300	444	0	0	272.997	1239
GUT_GENOME199396	GUT_GENOME199396_01216	142	5	0	0	3.80586	1982626
GUT_GENOME199396	GUT_GENOME199396_01217	289	310	0	0	145.081	1982626
GUT_GENOME199396	GUT_GENOME199396_01218	128	3	0	0	2.42966	1982626
GUT_GENOME199396	GUT_GENOME199396_01219	82	0	0	0	0	0
GUT_GENOME199396	GUT_GENOME199396_01220	424	25	0	0	13.6078	128827
GUT_GENOME199396	GUT_GENOME199396_01221	108	23	0	0	18.7465	1982626
GUT_GENOME199396	GUT_GENOME199396_01222	316	381	7.94565	0.631988	207.59	1783272
GUT_GENOME199396	GUT_GENOME199396_01223	122	13	10.4979	0	0	0
GUT_GENOME199396	GUT_GENOME199396_01224	240	17	10.2119	0	0	0
GUT_GENOME199396	GUT_GENOME199396_01225	390	7	4.87871	0	0	0
GUT_GENOME199396	GUT_GENOME199396_01226	232	16	9.68537	0	0	0
GUT_GENOME199396	GUT_GENOME199396_01227	242	70	13.1639	14.861	13.7718	28890
GUT_GENOME199396	GUT_GENOME199396_01228	92	1	1	0	0	0
GUT_GENOME199396	GUT_GENOME199396_01229	329	14	8.41275	0	0	0
GUT_GENOME199396	GUT_GENOME199396_01230	260	32	11.8503	7.97889	0.921305	2259
GUT_GENOME199396	GUT_GENOME199396_01231	159	8	5.93631	0	0	0
GUT_GENOME199396	GUT_GENOME199396_01232	232	7	4.92053	0	0	0
GUT_GENOME199396	GUT_GENOME199396_01233	184	20	10.003	4.02077	0	0
GUT_GENOME199396	GUT_GENOME199396_01234	251	3	2.38793	0	0	0
GUT_GENOME199396	GUT_GENOME199396_01235	316	15	8.23223	1.92575	0.510269	1633135
GUT_GENOME199396	GUT_GENOME199396_01236	111	2	1.85526	0	0	0
GUT_GENOME199396	GUT_GENOME199396_01237	192	2	1.601	0	0	0
GUT_GENOME199396	GUT_GENOME199396_01238	46	0	0	0	0	0
GUT_GENOME199396	GUT_GENOME199396_01239	307	2	1.7291	0	0	0
GUT_GENOME199396	GUT_GENOME199396_01240	116	2	1.96581	0	0	0
GUT_GENOME199396	GUT_GENOME199396_01241	383	13	8.25195	1.47273	0	0
GUT_GENOME199396	GUT_GENOME199396_01242	77	0	0	0	0	0
GUT_GENOME199396	GUT_GENOME199396_01243	294	2	1.99828	0	0	0
GUT_GENOME199396	GUT_GENOME199396_01244	474	18	5.47923	6.69542	0	0
GUT_GENOME199396	GUT_GENOME199396_01245	116	6	5.07981	0	0	0
GUT_GENOME199396	GUT_GENOME199396_01246	247	29	9.66535	7.85941	0.510891	523846
GUT_GENOME199396	GUT_GENOME199396_01247	341	38	11.6203	12.7746	0	0
GUT_GENOME199396	GUT_GENOME199396_01248	220	15	10.2838	0	0	0
GUT_GENOME199396	GUT_GENOME199396_01249	659	55	13.7487	14.156	4.95849	523846
GUT_GENOME199396	GUT_GENOME199396_01250	352	2	1.89019	0	0	0
GUT_GENOME199396	GUT_GENOME199396_01251	456	21	11.0254	0.934807	0.488398	523846
GUT_GENOME199396	GUT_GENOME199396_01252	185	12	8.23161	0	0	0
GUT_GENOME199396	GUT_GENOME199396_01253	376	91	15.6671	14.055	25.3054	28890
GUT_GENOME199396	GUT_GENOME199396_01254	264	320	14.343	13.9612	177.977	131567
GUT_GENOME199396	GUT_GENOME199396_01255	496	125	0	0	68.9948	1239
GUT_GENOME199396	GUT_GENOME199396_01256	334	24	0	0	16.61	1239
GUT_GENOME199396	GUT_GENOME199396_01261	236	36	0	0	18.7278	1239
GUT_GENOME199396	GUT_GENOME199396_01262	102	2	0	0	1.9797	1239
GUT_GENOME199396	GUT_GENOME199396_01263	443	163	15.146	16.8368	67.2638	523846
GUT_GENOME199396	GUT_GENOME199396_01264	150	19	13.7377	0	0	0
GUT_GENOME199396	GUT_GENOME199396_01265	199	135	14.3687	18.2652	50.3384	523846
GUT_GENOME199396	GUT_GENOME199396_01266	253	172	15.6233	19.8166	70.0335	28890
GUT_GENOME199396	GUT_GENOME199396_01267	81	1	0	0	0.960227	1796615
GUT_GENOME199396	GUT_GENOME199396_01268	168	8	5.5	0	0	0
GUT_GENOME199396	GUT_GENOME199396_01269	221	176	12.9057	13.8207	66.8276	28890
GUT_GENOME199396	GUT_GENOME199396_01270	155	8	5.66978	0	0	0
GUT_GENOME199396	GUT_GENOME199396_01271	223	50	12.5698	9.90541	7.20045	2283794
GUT_GENOME199396	GUT_GENOME199396_01272	337	34	11.976	10.8626	0.448882	523846
GUT_GENOME199396	GUT_GENOME199396_01273	125	7	5.54321	0	0	0
GUT_GENOME199396	GUT_GENOME199396_01274	239	12	8.33921	0	0	0
GUT_GENOME199396	GUT_GENOME199396_01275	658	48	5.30558	6.5869	13.0461	131567
GUT_GENOME199396	GUT_GENOME199396_01276	375	6	3.99711	0	0	0
GUT_GENOME199396	GUT_GENOME199396_01277	239	36	12.2295	11.0307	0.590164	523846
GUT_GENOME199396	GUT_GENOME199396_01278	668	35	12.8729	9.14946	0	0
GUT_GENOME199396	GUT_GENOME199396_01279	298	70	11.8299	15.119	14.2636	28890
GUT_GENOME199396	GUT_GENOME199396_01280	301	23	10.4199	4.16551	0	0
GUT_GENOME199396	GUT_GENOME199396_01282	129	8	6.20648	0	0	0
GUT_GENOME199396	GUT_GENOME199396_01283	310	38	10.4359	11.0033	0.520799	523846
GUT_GENOME199396	GUT_GENOME199396_01284	136	6	4.66538	0	0	0
GUT_GENOME199396	GUT_GENOME199396_01285	169	2	1.86478	0	0	0
GUT_GENOME199396	GUT_GENOME199396_01286	96	2	1.91837	0	0	0
GUT_GENOME199396	GUT_GENOME199396_01287	512	7	4.71122	0	0	0
GUT_GENOME199396	GUT_GENOME199396_01288	151	35	14.1733	13.51	0.596667	523846
GUT_GENOME199396	GUT_GENOME199396_01289	62	0	0	0	0	0
GUT_GENOME199396	GUT_GENOME199396_01290	108	0	0	0	0	0
GUT_GENOME199396	GUT_GENOME199396_01291	228	1	0.636364	0	0	0
GUT_GENOME199396	GUT_GENOME199396_01292	304	33	12.535	7.42764	0.544715	523846
GUT_GENOME199396	GUT_GENOME199396_01293	162	2	1.86262	0	0	0
GUT_GENOME199396	GUT_GENOME199396_01294	190	72	13.4538	13.8103	17.7564	523846
GUT_GENOME199396	GUT_GENOME199396_01295	698	44	11.1424	2.58471	13.9378	186801
GUT_GENOME199396	GUT_GENOME199396_01296	149	2	1.89655	0	0	0
GUT_GENOME199396	GUT_GENOME199396_01297	316	18	9.84941	1.57868	0	0
GUT_GENOME199396	GUT_GENOME199396_01298	791	7	5.34613	0	0	0
GUT_GENOME199396	GUT_GENOME199396_01299	250	16	10.786	0	0	0
GUT_GENOME199396	GUT_GENOME199396_01300	251	9	6.46639	0	0	0
GUT_GENOME199396	GUT_GENOME199396_01301	187	23	11.0219	4.07671	0	0
GUT_GENOME199396	GUT_GENOME199396_01302	182	344	13.8218	12.5316	159.497	131567
GUT_GENOME199396	GUT_GENOME199396_01303	408	38	12.6884	9.85678	0.515075	523846
GUT_GENOME199396	GUT_GENOME199396_01304	104	2	1.83495	0	0	0
GUT_GENOME199396	GUT_GENOME199396_01305	248	2	1.84289	0	0	0
GUT_GENOME199396	GUT_GENOME199396_01306	360	34	12.4263	8.68606	0	0
GUT_GENOME199396	GUT_GENOME199396_01307	263	10	6.35192	0	0	0
GUT_GENOME199396	GUT_GENOME199396_01308	321	140	13.3905	19.2032	52.8587	523846
GUT_GENOME199396	GUT_GENOME199396_01310	334	463	14.2868	8.26346	315.789	1239
GUT_GENOME199396	GUT_GENOME199396_01311	185	419	12.4231	10.1974	255.974	1239
GUT_GENOME199396	GUT_GENOME199396_01312	289	456	15.0838	13.6335	311.176	131567
GUT_GENOME199396	GUT_GENOME199396_01313	153	2	1.92754	0	0	0
GUT_GENOME199396	GUT_GENOME199396_01314	535	115	13.7469	16.1915	27.618	523846
GUT_GENOME199396	GUT_GENOME199396_01315	424	75	8.65152	0.703963	31.7483	2
GUT_GENOME199396	GUT_GENOME199396_01316	575	25	11.1196	4.48482	0	0
GUT_GENOME199396	GUT_GENOME199396_01317	310	404	10.5543	18.2901	239.609	28890
GUT_GENOME199396	GUT_GENOME199396_01318	95	2	1.98324	0	0	0
GUT_GENOME199396	GUT_GENOME199396_01319	225	12	7.82287	0	0	0
GUT_GENOME199396	GUT_GENOME199396_01320	149	2	1.92	0	0	0
GUT_GENOME199396	GUT_GENOME199396_01321	347	4	3.06725	0	0	0
GUT_GENOME199396	GUT_GENOME199396_01322	277	5	3.76207	0	0	0
GUT_GENOME199396	GUT_GENOME199396_01323	431	2	1.94064	0	0	0
GUT_GENOME199396	GUT_GENOME199396_01324	383	41	13.7277	12.6439	0.50838	523846
GUT_GENOME199396	GUT_GENOME199396_01325	550	6	4.52133	0	0	0
GUT_GENOME199396	GUT_GENOME199396_01326	261	2	0.745935	0	0	0
GUT_GENOME199396	GUT_GENOME199396_01327	92	1	0.982558	0	0	0
GUT_GENOME199396	GUT_GENOME199396_01328	85	1	0.988304	0	0	0
GUT_GENOME199396	GUT_GENOME199396_01329	324	38	12.0473	13.6235	0	0
GUT_GENOME199396	GUT_GENOME199396_01330	172	7	5.15014	0	0	0
GUT_GENOME199396	GUT_GENOME199396_01331	441	19	11.9966	1.06995	0	0
GUT_GENOME199396	GUT_GENOME199396_01332	222	216	12.6905	16.8095	95.4857	28890
GUT_GENOME199396	GUT_GENOME199396_01333	409	90	13.5194	14.9742	23.1964	2283794
GUT_GENOME199396	GUT_GENOME199396_01334	209	396	10.8838	2.14141	193.424	1239
GUT_GENOME199396	GUT_GENOME199396_01335	287	16	9.34142	1.06903	0	0
GUT_GENOME199396	GUT_GENOME199396_01336	177	5	3.56598	0	0	0
GUT_GENOME199396	GUT_GENOME199396_01337	187	7	4.98603	0	0	0
GUT_GENOME199396	GUT_GENOME199396_01338	61	0	0	0	0	0
GUT_GENOME199396	GUT_GENOME199396_01339	304	24	7.74495	5.10275	0	0
GUT_GENOME199396	GUT_GENOME199396_01340	319	18	11.7795	0	0	0
GUT_GENOME199396	GUT_GENOME199396_01341	219	21	11.5651	1.97209	0	0
GUT_GENOME199396	GUT_GENOME199396_01342	224	10	7.58409	0	0	0
GUT_GENOME199396	GUT_GENOME199396_01343	408	27	11.0478	4.48865	0.481481	1123375
GUT_GENOME199396	GUT_GENOME199396_01344	334	24	12.1448	2.91791	0	0
GUT_GENOME199396	GUT_GENOME199396_01345	132	51	12.7018	12.3127	12.5891	2283794
GUT_GENOME199396	GUT_GENOME199396_01346	308	15	10.2262	0	0	0
GUT_GENOME199396	GUT_GENOME199396_01347	160	7	5.33948	0	0	0
GUT_GENOME199396	GUT_GENOME199396_01348	88	2	1.99419	0	0	0
GUT_GENOME199396	GUT_GENOME199396_01349	386	209	16.1208	17.9708	100.838	28890
GUT_GENOME199396	GUT_GENOME199396_01350	345	329	15.5391	18.9335	175.449	2283794
GUT_GENOME199396	GUT_GENOME199396_01353	452	429	14.5142	14.9289	193.277	523846
GUT_GENOME199396	GUT_GENOME199396_01354	559	41	12.3671	11.7607	0.520548	523846
GUT_GENOME199396	GUT_GENOME199396_01355	96	2	1.94737	0	0	0
GUT_GENOME199396	GUT_GENOME199396_01356	293	33	9.43915	10.5608	0.500882	523846
GUT_GENOME199396	GUT_GENOME199396_01357	267	5	3.36802	0	0	0
GUT_GENOME199396	GUT_GENOME199396_01358	500	35	8.508	7.262	6.724	28890
GUT_GENOME199396	GUT_GENOME199396_01359	323	66	14.4098	18.5981	16.1266	2283794
GUT_GENOME199396	GUT_GENOME199396_01360	165	13	6.00912	0	2.12766	2
GUT_GENOME199396	GUT_GENOME199396_01361	520	10	7.09156	0	0	0
GUT_GENOME199396	GUT_GENOME199396_01362	104	2	1.9902	0	0	0
GUT_GENOME199396	GUT_GENOME199396_01363	206	0	0	0	0	0
GUT_GENOME199396	GUT_GENOME199396_01364	301	0	0	0	0	0
GUT_GENOME199396	GUT_GENOME199396_01365	188	1	0	0	0.475138	264697
GUT_GENOME199396	GUT_GENOME199396_01366	98	0	0	0	0	0
GUT_GENOME199396	GUT_GENOME199396_01367	264	349	0	0	212.195	191303
GUT_GENOME199396	GUT_GENOME199396_01368	192	22	12.2174	3.28644	0	0
GUT_GENOME199396	GUT_GENOME199396_01369	267	87	9.94118	6.05503	32.685	131567
GUT_GENOME199396	GUT_GENOME199396_01370	337	156	9.66939	5.40917	68.2144	28890
GUT_GENOME199396	GUT_GENOME199396_01371	366	14	9.43896	0	0	0
GUT_GENOME199396	GUT_GENOME199396_01372	258	7	4.40456	0	0	0
GUT_GENOME199396	GUT_GENOME199396_01373	507	1	0.991124	0	0	0
GUT_GENOME199396	GUT_GENOME199396_01374	356	15	8.81664	0	0	0
GUT_GENOME199396	GUT_GENOME199396_01375	185	40	11.1051	3.74124	8.3531	523846
GUT_GENOME199396	GUT_GENOME199396_01376	456	44	13.0807	15.3183	0.995386	523846
GUT_GENOME199396	GUT_GENOME199396_01377	88	1	0	0	1	2951140
GUT_GENOME199396	GUT_GENOME199396_01378	405	1	0	0	1	2951140
GUT_GENOME199396	GUT_GENOME199396_01379	138	1	0	0	1	2951140
GUT_GENOME199396	GUT_GENOME199396_01380	95	3	2.80628	0	0	0
GUT_GENOME199396	GUT_GENOME199396_01381	259	2	1.85519	0	0	0
GUT_GENOME199396	GUT_GENOME199396_01382	238	11	6.69631	0.470716	0	0
GUT_GENOME199396	GUT_GENOME199396_01383	174	7	2.38329	2.27378	0	0
GUT_GENOME199396	GUT_GENOME199396_01384	448	39	12.4053	10.3864	1.47439	406327
GUT_GENOME199396	GUT_GENOME199396_01386	127	8	6.26772	0	0	0
GUT_GENOME199396	GUT_GENOME199396_01387	237	438	8.34968	6.74414	203.205	131567
GUT_GENOME199396	GUT_GENOME199396_01388	57	0	0	0	0	0
GUT_GENOME199396	GUT_GENOME199396_01389	188	1	0.744444	0	0	0
GUT_GENOME199396	GUT_GENOME199396_01390	122	0	0	0	0	0
GUT_GENOME199396	GUT_GENOME199396_01391	65	0	0	0	0	0
GUT_GENOME199396	GUT_GENOME199396_01392	192	40	0.867188	0	22.1719	1239
GUT_GENOME199396	GUT_GENOME199396_01393	187	420	10.8218	10.908	207.19	131567
GUT_GENOME199396	GUT_GENOME199396_01394	594	3	2.38554	0	0	0
GUT_GENOME199396	GUT_GENOME199396_01395	230	3	2.86321	0	0	0
GUT_GENOME199396	GUT_GENOME199396_01396	314	34	8.59437	11.7715	0.576159	523846
GUT_GENOME199396	GUT_GENOME199396_01397	193	25	13.3387	2.696	0	0
GUT_GENOME199396	GUT_GENOME199396_01398	147	34	10.9853	13.293	0	0
GUT_GENOME199396	GUT_GENOME199396_01399	311	2	1.7363	0	0	0
GUT_GENOME199396	GUT_GENOME199396_01400	109	2	1.91244	0	0	0
GUT_GENOME199396	GUT_GENOME199396_01401	512	4	3.27625	0	0	0
GUT_GENOME199396	GUT_GENOME199396_01402	80	0	0	0	0	0
GUT_GENOME199396	GUT_GENOME199396_01403	213	74	0	0	39.0253	1239
GUT_GENOME199396	GUT_GENOME199396_01404	338	355	0	0	239.804	1239
GUT_GENOME199396	GUT_GENOME199396_01407	160	3	0	0	2.61039	1239
GUT_GENOME199396	GUT_GENOME199396_01408	522	5	0	0	4.27707	191303
GUT_GENOME199396	GUT_GENOME199396_01409	250	124	0	0	64.0621	191303
GUT_GENOME199396	GUT_GENOME199396_01410	157	87	0	0	54.2007	2638206
GUT_GENOME199396	GUT_GENOME199396_01411	612	0	0	0	0	0
GUT_GENOME199396	GUT_GENOME199396_01412	224	20	11.9499	2.07062	0	0
GUT_GENOME199396	GUT_GENOME199396_01413	204	9	5.79648	0	0	0
GUT_GENOME199396	GUT_GENOME199396_01414	112	5	4.23767	0	0	0
GUT_GENOME199396	GUT_GENOME199396_01415	405	312	13.2246	13.6076	138.829	2
GUT_GENOME199396	GUT_GENOME199396_01416	304	2	1.90728	0	0	0
GUT_GENOME199396	GUT_GENOME199396_01417	75	0	0	0	0	0
GUT_GENOME199396	GUT_GENOME199396_01418	60	0	0	0	0	0
GUT_GENOME199396	GUT_GENOME199396_01419	59	0	0	0	0	0
GUT_GENOME199396	GUT_GENOME199396_01420	95	4	3.64253	0	0	0
GUT_GENOME199396	GUT_GENOME199396_01421	174	4	3.57143	0	0	0
GUT_GENOME199396	GUT_GENOME199396_01422	132	0	0	0	0	0
GUT_GENOME199396	GUT_GENOME199396_01423	120	0	0	0	0	0
GUT_GENOME199396	GUT_GENOME199396_01424	48	0	0	0	0	0
GUT_GENOME199396	GUT_GENOME199396_01425	847	0	0	0	0	0
GUT_GENOME199396	GUT_GENOME199396_01426	54	0	0	0	0	0
GUT_GENOME199396	GUT_GENOME199396_01427	803	3	2.95004	0	0	0
GUT_GENOME199396	GUT_GENOME199396_01428	206	35	13.902	7.53769	1.8392	28890
GUT_GENOME199396	GUT_GENOME199396_01429	299	7	4.74684	0	0	0
GUT_GENOME199396	GUT_GENOME199396_01430	257	37	12.9742	9.28032	1.46918	523846
GUT_GENOME199396	GUT_GENOME199396_01431	114	27	13.0083	7.9917	0	0
GUT_GENOME199396	GUT_GENOME199396_01432	144	461	13.1067	14.2333	287.997	131567
GUT_GENOME199396	GUT_GENOME199396_01433	118	2	1.88889	0	0	0
GUT_GENOME199396	GUT_GENOME199396_01434	311	18	10.6096	0.511664	0	0
GUT_GENOME199396	GUT_GENOME199396_01435	274	458	15.0487	15.056	218.836	523846
GUT_GENOME199396	GUT_GENOME199396_01436	53	0	0	0	0	0
GUT_GENOME199396	GUT_GENOME199396_01437	440	5	0	0	3.06659	1982626
GUT_GENOME199396	GUT_GENOME199396_01438	199	0	0	0	0	0
GUT_GENOME199396	GUT_GENOME199396_01439	30	0	0	0	0	0
GUT_GENOME199396	GUT_GENOME199396_01440	77	0	0	0	0	0
GUT_GENOME199396	GUT_GENOME199396_01441	174	70	14.8852	17.0665	14.7251	28890
GUT_GENOME199396	GUT_GENOME199396_01442	168	25	11.2063	3.84687	0.5375	523846
GUT_GENOME199396	GUT_GENOME199396_01443	96	2	1.97917	0	0	0
GUT_GENOME199396	GUT_GENOME199396_01444	269	7	4.69557	0	0	0
GUT_GENOME199396	GUT_GENOME199396_01445	77	0	0	0	0	0
GUT_GENOME199396	GUT_GENOME199396_01446	498	12	8.14448	1.04334	0	0
GUT_GENOME199396	GUT_GENOME199396_01447	171	1	0.958333	0	0	0
GUT_GENOME199396	GUT_GENOME199396_01448	514	438	7.57533	6.52983	260.637	131567
GUT_GENOME199396	GUT_GENOME199396_01449	163	40	11.7722	9.94937	4.47785	131567
GUT_GENOME199396	GUT_GENOME199396_01450	243	35	12.1581	11.0171	0	0
GUT_GENOME199396	GUT_GENOME199396_01451	364	38	10.4337	14.6037	0.991968	349307
GUT_GENOME199396	GUT_GENOME199396_01452	236	11	6.39535	0	0	0
GUT_GENOME199396	GUT_GENOME199396_01453	239	15	9.46281	0.520661	0	0
GUT_GENOME199396	GUT_GENOME199396_01454	254	35	10.4909	11.073	0.535497	523846
GUT_GENOME199396	GUT_GENOME199396_01455	135	1	0.988281	0	0	0
GUT_GENOME199396	GUT_GENOME199396_01456	377	466	13.0476	12.8026	219.61	523846
GUT_GENOME199396	GUT_GENOME199396_01457	135	39	10.675	12.7964	6.76071	523846
GUT_GENOME199396	GUT_GENOME199396_01458	347	18	11.6546	0.518142	0	0
GUT_GENOME199396	GUT_GENOME199396_01459	319	147	13.0368	15.968	54.696	28890
GUT_GENOME199396	GUT_GENOME199396_01460	69	0	0	0	0	0
GUT_GENOME199396	GUT_GENOME199396_01461	863	38	11.4185	11.0173	0.484776	523846
GUT_GENOME199396	GUT_GENOME199396_01462	52	0	0	0	0	0
GUT_GENOME199396	GUT_GENOME199396_01463	39	0	0	0	0	0
GUT_GENOME199396	GUT_GENOME199396_01464	200	17	11.1953	0	0	0
GUT_GENOME199396	GUT_GENOME199396_01465	122	0	0	0	0	0
GUT_GENOME199396	GUT_GENOME199396_01466	230	25	14.1302	3.75497	0	0
GUT_GENOME199396	GUT_GENOME199396_01467	160	38	13.7742	11.0742	0.545161	523846
GUT_GENOME199396	GUT_GENOME199396_01468	139	2	1.95057	0	0	0
GUT_GENOME199396	GUT_GENOME199396_01469	444	426	11.3219	3.06279	316.652	1239
GUT_GENOME199396	GUT_GENOME199396_01470	93	2	0	0	1.94444	1239
GUT_GENOME199396	GUT_GENOME199396_01471	434	30	0	0	18.8489	1239
GUT_GENOME199396	GUT_GENOME199396_01472	178	3	0	0	2.96176	1239
GUT_GENOME199396	GUT_GENOME199396_01473	281	9	5.45848	0	0	0
GUT_GENOME199396	GUT_GENOME199396_01474	293	414	11.1031	15.8174	281.53	131567
GUT_GENOME199396	GUT_GENOME199396_01475	282	8	5.90926	0	0	0
GUT_GENOME199396	GUT_GENOME199396_01476	348	396	11.6632	13.0734	174.74	28890
GUT_GENOME199396	GUT_GENOME199396_01477	145	10	7.79208	0	0	0
GUT_GENOME199396	GUT_GENOME199396_01478	221	439	14.1055	16.1766	206.571	28890
GUT_GENOME199396	GUT_GENOME199396_01479	72	0	0	0	0	0
GUT_GENOME199396	GUT_GENOME199396_01480	659	450	14.5821	14.3537	224.111	523846
GUT_GENOME199396	GUT_GENOME199396_01481	79	0	0	0	0	0
GUT_GENOME199396	GUT_GENOME199396_01482	417	18	12.7506	0	0	0
GUT_GENOME199396	GUT_GENOME199396_01483	217	2	1.90175	0	0	0
GUT_GENOME199396	GUT_GENOME199396_01484	414	2	1.81151	0	0	0
GUT_GENOME199396	GUT_GENOME199396_01485	93	0	0	0	0	0
GUT_GENOME199396	GUT_GENOME199396_01486	211	15	10.1281	0	0	0
GUT_GENOME199396	GUT_GENOME199396_01487	357	37	14.1928	12.3675	2.33434	523846
GUT_GENOME199396	GUT_GENOME199396_01488	207	37	13.1147	9.61347	0.503741	523846
GUT_GENOME199396	GUT_GENOME199396_01489	400	2	1.43185	0	0	0
GUT_GENOME199396	GUT_GENOME199396_01490	88	0	0	0	0	0
GUT_GENOME199396	GUT_GENOME199396_01491	36	0	0	0	0	0
GUT_GENOME199396	GUT_GENOME199396_01492	75	0	0	0	0	0
GUT_GENOME199396	GUT_GENOME199396_01493	185	2	1.56389	0	0	0
GUT_GENOME199396	GUT_GENOME199396_01494	267	2	1.25311	0	0	0
GUT_GENOME199396	GUT_GENOME199396_01495	66	0	0	0	0	0
GUT_GENOME199396	GUT_GENOME199396_01496	407	70	11.3534	16.8709	16.6815	28890
GUT_GENOME199396	GUT_GENOME199396_01497	174	2	1.94286	0	0	0
GUT_GENOME199396	GUT_GENOME199396_01498	555	45	14.2404	13.1407	2.55031	2283794
GUT_GENOME199396	GUT_GENOME199396_01499	152	6	4.22924	0	0	0
GUT_GENOME199396	GUT_GENOME199396_01500	365	4	2.54116	0	0	0
GUT_GENOME199396	GUT_GENOME199396_01501	407	17	11.6671	0	0	0
GUT_GENOME199396	GUT_GENOME199396_01502	498	2	0	0	1.46849	189330
GUT_GENOME199396	GUT_GENOME199396_01503	254	42	0	0	23.2287	189330
GUT_GENOME199396	GUT_GENOME199396_01504	184	0	0	0	0	0
GUT_GENOME199396	GUT_GENOME199396_01505	77	0	0	0	0	0
GUT_GENOME199396	GUT_GENOME199396_01506	145	2	1.7695	0	0	0
GUT_GENOME199396	GUT_GENOME199396_01509	97	1	0	0	0.983425	39488
GUT_GENOME199396	GUT_GENOME199396_01510	69	0	0	0	0	0
GUT_GENOME199396	GUT_GENOME199396_01511	477	4	3.04338	0	0	0
GUT_GENOME199396	GUT_GENOME199396_01512	179	9	4.02825	1.67232	0	0
GUT_GENOME199396	GUT_GENOME199396_01513	252	33	0	0	20.2851	1301
GUT_GENOME199396	GUT_GENOME199396_01515	310	413	0	0	304.206	1301
GUT_GENOME199396	GUT_GENOME199396_01516	196	99	12.8385	12.8513	36.9821	2259
GUT_GENOME199396	GUT_GENOME199396_01517	470	39	13.3717	11.9649	0.587719	523846
GUT_GENOME199396	GUT_GENOME199396_01518	666	38	13.6998	16.2238	0	0
GUT_GENOME199396	GUT_GENOME199396_01519	684	7	3.93095	0	0	0
GUT_GENOME199396	GUT_GENOME199396_01520	36	0	0	0	0	0
GUT_GENOME199396	GUT_GENOME199396_01521	537	125	13.7594	16.8158	40.0307	131567
GUT_GENOME199396	GUT_GENOME199396_01522	189	1	0	0.517857	0	0
GUT_GENOME199396	GUT_GENOME199396_01523	434	1	0.663647	0	0	0
GUT_GENOME199396	GUT_GENOME199396_01524	57	0	0	0	0	0
GUT_GENOME199396	GUT_GENOME199396_01525	174	2	1.86538	0	0	0
GUT_GENOME199396	GUT_GENOME199396_01526	133	5	4.2287	0	0	0
GUT_GENOME199396	GUT_GENOME199396_01527	306	27	11.743	5.78275	0	0
GUT_GENOME199396	GUT_GENOME199396_01528	116	0	0	0	0	0
GUT_GENOME199396	GUT_GENOME199396_01529	339	8	5.825	0	0	0
GUT_GENOME199396	GUT_GENOME199396_01530	129	7	5.7037	0	0	0
GUT_GENOME199396	GUT_GENOME199396_01531	170	0	0	0	0	0
GUT_GENOME199396	GUT_GENOME199396_01532	408	2	1.29326	0	0	0
GUT_GENOME199396	GUT_GENOME199396_01533	616	4	3.37593	0	0	0
GUT_GENOME199396	GUT_GENOME199396_01534	49	0	0	0	0	0
GUT_GENOME199396	GUT_GENOME199396_01535	58	0	0	0	0	0
GUT_GENOME199396	GUT_GENOME199396_01536	340	2	1.94619	0	0	0
